WBS_1,WBS_2,WBS_3,WBS_4,DESCRIPTION,UNIT,SUB,L1,1M,L2,L3,MC1,MC2,MC3,MC4,MC5,MC6,L4,L4M,External,QTY,MAT,LAB,TOTAL,AMOUNT
PRELIMINARIES,Office,Office,Office,Site office,Ls.,,,,,,,,,,,,,,,1.00,2500000.00,0.00,2500000.00,2500000.00
PRELIMINARIES,Labor Camp,Labor Camp,Labor Camp,Labor camp,Ls.,,,,,,,,,,,,,,,1.00,10000000.00,0.00,10000000.00,10000000.00
PRELIMINARIES,Temp.Fence,Temp.Fence,Temp.Fence,Temp.Fence,Ls.,,,,,,,,,,,,,,,1.00,500000.00,0.00,500000.00,500000.00
PRELIMINARIES,Other,Other,Other,Other,Ls.,,,,,,,,,,,,,,,1.00,2500000.00,0.00,2500000.00,2500000.00
STRUCTURE,SUBSTRUCTURE,FOUNDATION,Piling,1.00m dia. pile cut-off.,No.,106.00,,,,,,,,,,,,,,106.00,335.00,1730.00,2065.00,218890.00
STRUCTURE,SUBSTRUCTURE,FOUNDATION,Piling,1.20m dia. pile cut-off.,No.,70.00,,,,,,,,,,,,,,70.00,335.00,2120.00,2455.00,171850.00
STRUCTURE,SUBSTRUCTURE,FOUNDATION,Piling,1.50m dia. pile cut-off.,No.,2.00,,,,,,,,,,,,,,2.00,450.00,3460.00,3910.00,7820.00
STRUCTURE,SUBSTRUCTURE,FOUNDATION,Piling,"Pile head disposal, off-site.",No.,178.00,,,,,,,,,,,,,,178.00,0.00,1325.00,1325.00,235850.00
STRUCTURE,SUBSTRUCTURE,FOUNDATION,Foundation [F1-F12],Excavation to footing,M3,15008.00,,,,,,,,,,,,,,15008.00,0.00,110.00,110.00,1650880.00
STRUCTURE,SUBSTRUCTURE,FOUNDATION,Foundation [F1-F12],"Remove excavation material, off-site",M3,6837.00,,,,,,,,,,,,,,6837.00,0.00,70.00,70.00,478590.00
STRUCTURE,SUBSTRUCTURE,FOUNDATION,Foundation [F1-F12],Back fill by existing soil.,M3,8165.00,,,,,,,,,,,,,,8165.00,0.00,110.00,110.00,898150.00
STRUCTURE,SUBSTRUCTURE,FOUNDATION,Foundation [F1-F12],Existing grade compaction,M2,0.00,,,,,,,,,,,,,,0.00,0.00,35.00,35.00,0.00
STRUCTURE,SUBSTRUCTURE,FOUNDATION,Foundation [F1-F12],"Compacted sand, 50 100 mm thick",M2,82.00,,,,,,,,,,,,,,820.00,95.00,15.00,110.00,90200.00
STRUCTURE,SUBSTRUCTURE,FOUNDATION,Foundation [F1-F12],"Lean concrete, 50 100 mm thick",M2,82.00,,,,,,,,,,,,,,820.00,165.00,70.00,235.00,192700.00
STRUCTURE,SUBSTRUCTURE,FOUNDATION,Foundation [F1-F12],Concrete 320ksc. cylinder test,M3,1858.00,,,,,,,,,,,,,,1858.00,1985.00,265.00,2250.00,4180500.00
STRUCTURE,SUBSTRUCTURE,FOUNDATION,Foundation [F1-F12],Formworks,M2,1220.00,,,,,,,,,,,,,,1220.00,195.00,260.00,455.00,555100.00
STRUCTURE,SUBSTRUCTURE,FOUNDATION,Foundation [F1-F12],"Rebar SR24, 6mm dia.",KG.,0.00,,,,,,,,,,,,,,0.00,24.00,5.50,29.50,0.00
STRUCTURE,SUBSTRUCTURE,FOUNDATION,Foundation [F1-F12],"Rebar SR24, 9mm dia.",KG.,0.00,,,,,,,,,,,,,,0.00,23.00,5.50,28.50,0.00
STRUCTURE,SUBSTRUCTURE,FOUNDATION,Foundation [F1-F12],"Rebar SD40, 10mm dia.",KG.,0.00,,,,,,,,,,,,,,0.00,23.00,5.50,28.50,0.00
STRUCTURE,SUBSTRUCTURE,FOUNDATION,Foundation [F1-F12],"Rebar SD40, 12mm dia.",KG.,279.00,,,,,,,,,,,,,,279.00,22.50,5.00,27.50,7672.50
STRUCTURE,SUBSTRUCTURE,FOUNDATION,Foundation [F1-F12],"Rebar SD40, 16mm dia.",KG.,27341.00,,,,,,,,,,,,,,27341.00,22.00,5.00,27.00,738207.00
STRUCTURE,SUBSTRUCTURE,FOUNDATION,Foundation [F1-F12],"Rebar SD50, 20mm dia.",KG.,10179.00,,,,,,,,,,,,,,10179.00,22.50,4.50,27.00,274833.00
STRUCTURE,SUBSTRUCTURE,FOUNDATION,Foundation [F1-F12],"Rebar SD50, 25mm dia.",KG.,89151.00,,,,,,,,,,,,,,89151.00,22.50,4.50,27.00,2407077.00
STRUCTURE,SUBSTRUCTURE,FOUNDATION,Foundation [F1-F12],"Rebar SD50, 28mm dia.",KG.,178586.00,,,,,,,,,,,,,,178586.00,22.50,4.50,27.00,4821822.00
STRUCTURE,SUBSTRUCTURE,FOUNDATION,Foundation [F1-F12],"Rebar SD50, 32mm dia.",KG.,108769.00,,,,,,,,,,,,,,108769.00,22.50,4.50,27.00,2936763.00
STRUCTURE,SUBSTRUCTURE,FOUNDATION,Foundation [F1-F12],Allow for Shear Key,KG.,0.00,,,,,,,,,,,,,,0.00,24.00,5.50,29.50,0.00
STRUCTURE,SUBSTRUCTURE,FOUNDATION,Mat Foundation [F66],"Excavation to footing (Include in F1,F2)",M3,0.00,,,,,,,,,,,,,,0.00,0.00,110.00,110.00,0.00
STRUCTURE,SUBSTRUCTURE,FOUNDATION,Mat Foundation [F66],"Remove excavation material, off-site (Include in F1,F2)",M3,0.00,,,,,,,,,,,,,,0.00,0.00,70.00,70.00,0.00
STRUCTURE,SUBSTRUCTURE,FOUNDATION,Mat Foundation [F66],"Back fill by existing soil. (Include in F1,F2)",M3,0.00,,,,,,,,,,,,,,0.00,0.00,110.00,110.00,0.00
STRUCTURE,SUBSTRUCTURE,FOUNDATION,Mat Foundation [F66],Existing grade compaction,M2,0.00,,,,,,,,,,,,,,0.00,0.00,35.00,35.00,0.00
STRUCTURE,SUBSTRUCTURE,FOUNDATION,Mat Foundation [F66],"Compacted sand, 50 100 mm thick",M2,400.00,,,,,,,,,,,,,,400.00,95.00,15.00,110.00,44000.00
STRUCTURE,SUBSTRUCTURE,FOUNDATION,Mat Foundation [F66],"Lean concrete, 50 100 mm thick",M2,400.00,,,,,,,,,,,,,,400.00,165.00,70.00,235.00,94000.00
STRUCTURE,SUBSTRUCTURE,FOUNDATION,Mat Foundation [F66],Concrete 320ksc. cylinder test,M3,1077.00,,,,,,,,,,,,,,1077.00,1985.00,265.00,2250.00,2423250.00
STRUCTURE,SUBSTRUCTURE,FOUNDATION,Mat Foundation [F66],Formworks,M2,228.00,,,,,,,,,,,,,,228.00,195.00,260.00,455.00,103740.00
STRUCTURE,SUBSTRUCTURE,FOUNDATION,Mat Foundation [F66],"Rebar SR24, 6mm dia.",KG.,0.00,,,,,,,,,,,,,,0.00,24.00,5.50,29.50,0.00
STRUCTURE,SUBSTRUCTURE,FOUNDATION,Mat Foundation [F66],"Rebar SR24, 9mm dia.",KG.,0.00,,,,,,,,,,,,,,0.00,23.00,5.50,28.50,0.00
STRUCTURE,SUBSTRUCTURE,FOUNDATION,Mat Foundation [F66],"Rebar SD40, 10mm dia.",KG.,0.00,,,,,,,,,,,,,,0.00,23.00,5.50,28.50,0.00
STRUCTURE,SUBSTRUCTURE,FOUNDATION,Mat Foundation [F66],"Rebar SD40, 12mm dia.",KG.,0.00,,,,,,,,,,,,,,0.00,22.50,5.00,27.50,0.00
STRUCTURE,SUBSTRUCTURE,FOUNDATION,Mat Foundation [F66],"Rebar SD40, 16mm dia.",KG.,2035.00,,,,,,,,,,,,,,2035.00,22.00,5.00,27.00,54945.00
STRUCTURE,SUBSTRUCTURE,FOUNDATION,Mat Foundation [F66],"Rebar SD50, 20mm dia.",KG.,0.00,,,,,,,,,,,,,,0.00,22.50,4.50,27.00,0.00
STRUCTURE,SUBSTRUCTURE,FOUNDATION,Mat Foundation [F66],"Rebar SD50, 25mm dia.",KG.,99696.00,,,,,,,,,,,,,,99696.00,22.50,4.50,27.00,2691792.00
STRUCTURE,SUBSTRUCTURE,FOUNDATION,Mat Foundation [F66],"Rebar SD50, 28mm dia.",KG.,35411.00,,,,,,,,,,,,,,35411.00,22.50,4.50,27.00,956097.00
STRUCTURE,SUBSTRUCTURE,FOUNDATION,Mat Foundation [F66],"Rebar SD50, 32mm dia.",KG.,0.00,,,,,,,,,,,,,,0.00,22.50,4.50,27.00,0.00
STRUCTURE,SUBSTRUCTURE,FOUNDATION,Mat Foundation [F66],Allow for Shear Key,KG.,0.00,,,,,,,,,,,,,,0.00,24.00,5.50,29.50,0.00
STRUCTURE,SUBSTRUCTURE,FOUNDATION,Mat Foundation [F66],Curring concrete,M2,0.00,,,,,,,,,,,,,,0.00,0.00,0.00,0.00,0.00
STRUCTURE,SUBSTRUCTURE,FOUNDATION,Soil slope stabilization,Allowance for temporary slope protection.,Item,1.00,,,,,,,,,,,,,,1.00,14332500.00,0.00,14332500.00,14332500.00
STRUCTURE,SUBSTRUCTURE,BASEMENT WALL (EARTH RETAINING WALL),RC Wall [UGWx],Concrete 320ksc. cylinder test  ผสมน้ำยากันซึม,M3,229.00,,,,,,,,,,,,,,229.00,2060.00,265.00,2325.00,532425.00
STRUCTURE,SUBSTRUCTURE,BASEMENT WALL (EARTH RETAINING WALL),RC Wall [UGWx],Formworks,M2,1418.00,,,,,,,,,,,,,,1418.00,210.00,260.00,470.00,666460.00
STRUCTURE,SUBSTRUCTURE,BASEMENT WALL (EARTH RETAINING WALL),RC Wall [UGWx],"Rebar SR24, 6mm dia.",Kg.,0.00,,,,,,,,,,,,,,0.00,24.00,5.50,29.50,0.00
STRUCTURE,SUBSTRUCTURE,BASEMENT WALL (EARTH RETAINING WALL),RC Wall [UGWx],"Rebar SR24, 9mm dia.",Kg.,1000.00,,,,,,,,,,,,,,1000.00,23.00,5.50,28.50,28500.00
STRUCTURE,SUBSTRUCTURE,BASEMENT WALL (EARTH RETAINING WALL),RC Wall [UGWx],"Rebar SD40, 10mm dia.",Kg.,0.00,,,,,,,,,,,,,,0.00,23.00,5.50,28.50,0.00
STRUCTURE,SUBSTRUCTURE,BASEMENT WALL (EARTH RETAINING WALL),RC Wall [UGWx],"Rebar SD40, 12mm dia.",Kg.,8918.00,,,,,,,,,,,,,,8918.00,22.50,5.00,27.50,245245.00
STRUCTURE,SUBSTRUCTURE,BASEMENT WALL (EARTH RETAINING WALL),RC Wall [UGWx],"Rebar SD40, 16mm dia.",Kg.,21407.00,,,,,,,,,,,,,,21407.00,22.00,5.00,27.00,577989.00
STRUCTURE,SUBSTRUCTURE,BASEMENT WALL (EARTH RETAINING WALL),RC Wall [UGWx],"Rebar SD50, 20mm dia.",Kg.,3901.00,,,,,,,,,,,,,,3901.00,22.50,4.50,27.00,105327.00
STRUCTURE,SUBSTRUCTURE,BASEMENT WALL (EARTH RETAINING WALL),RC Wall [UGWx],"Rebar SD50, 25mm dia.",Kg.,19819.00,,,,,,,,,,,,,,19819.00,22.50,4.50,27.00,535113.00
STRUCTURE,SUBSTRUCTURE,BASEMENT WALL (EARTH RETAINING WALL),RC Wall [UGWx],"Rebar SD50, 28mm dia.",Kg.,945.00,,,,,,,,,,,,,,945.00,22.50,4.50,27.00,25515.00
STRUCTURE,SUBSTRUCTURE,BASEMENT WALL (EARTH RETAINING WALL),RC Wall [UGWx],"Rebar SD50, 32mm dia.",Kg.,1115.00,,,,,,,,,,,,,,1115.00,22.50,4.50,27.00,30105.00
STRUCTURE,SUBSTRUCTURE,BASEMENT WALL (EARTH RETAINING WALL),Water/Damp proof system,Waterproof membrane to external wall.(Bituthene 3000),M2,605.00,,,,,,,,,,,,,,605.00,225.00,45.00,270.00,163350.00
STRUCTURE,SUBSTRUCTURE,BASEMENT WALL (EARTH RETAINING WALL),Water/Damp proof system,Chemical coating to internal wall. (Include in Architects work),M2,1130.00,,,,,,,,,,,,,,1130.00,0.00,0.00,0.00,0.00
STRUCTURE,SUBSTRUCTURE,BASEMENT WALL (EARTH RETAINING WALL),Water/Damp proof system,"Water stop RX101-3/4"" x 1"" or Equivalent",M,208.00,,,,,,,,,,,,,,208.00,235.00,145.00,380.00,79040.00
STRUCTURE,SUBSTRUCTURE,BASEMENT WALL (EARTH RETAINING WALL),Additional Items,Protection For Waterproof membrane to external wall.,M2,605.00,,,,,,,,,,,,,,605.00,140.00,190.00,330.00,199650.00
STRUCTURE,SUBSTRUCTURE,STUB COLUMN & TIE BEAM,RC Beam,Excavation.,M3,0.00,,,,,,,,,,,,,,0.00,0.00,110.00,110.00,0.00
STRUCTURE,SUBSTRUCTURE,STUB COLUMN & TIE BEAM,RC Beam,"Remove excavation material, off-site",M3,0.00,,,,,,,,,,,,,,0.00,0.00,70.00,70.00,0.00
STRUCTURE,SUBSTRUCTURE,STUB COLUMN & TIE BEAM,RC Beam,Back fill by existing soil.,M3,0.00,,,,,,,,,,,,,,0.00,0.00,110.00,110.00,0.00
STRUCTURE,SUBSTRUCTURE,STUB COLUMN & TIE BEAM,RC Beam,Compacted soil,M2,0.00,,,,,,,,,,,,,,0.00,0.00,35.00,35.00,0.00
STRUCTURE,SUBSTRUCTURE,STUB COLUMN & TIE BEAM,RC Beam,"Compacted sand, 50mm thick",M2,2.00,,,,,,,,,,,,,,2.00,95.00,15.00,110.00,220.00
STRUCTURE,SUBSTRUCTURE,STUB COLUMN & TIE BEAM,RC Beam,"Lean concrete, 50mm thick",M2,2.00,,,,,,,,,,,,,,2.00,165.00,70.00,235.00,470.00
STRUCTURE,SUBSTRUCTURE,STUB COLUMN & TIE BEAM,RC Beam,Sheet membrane waterproof,M2,0.00,,,,,,,,,,,,,,0.00,0.00,0.00,0.00,0.00
STRUCTURE,SUBSTRUCTURE,STUB COLUMN & TIE BEAM,RC Beam,Concrete 320ksc. cylinder test,M3,142.00,,,,,,,,,,,,,,142.00,1985.00,265.00,2250.00,319500.00
STRUCTURE,SUBSTRUCTURE,STUB COLUMN & TIE BEAM,RC Beam,Formworks,M2,537.00,,,,,,,,,,,,,,537.00,195.00,260.00,455.00,244335.00
STRUCTURE,SUBSTRUCTURE,STUB COLUMN & TIE BEAM,RC Beam,"Rebar SR24, 6mm dia.",KG.,0.00,,,,,,,,,,,,,,0.00,24.00,5.50,29.50,0.00
STRUCTURE,SUBSTRUCTURE,STUB COLUMN & TIE BEAM,RC Beam,"Rebar SR24, 9mm dia.",KG.,2183.00,,,,,,,,,,,,,,2183.00,23.00,5.50,28.50,62215.50
STRUCTURE,SUBSTRUCTURE,STUB COLUMN & TIE BEAM,RC Beam,"Rebar SD40, 10mm dia.",KG.,0.00,,,,,,,,,,,,,,0.00,23.00,5.50,28.50,0.00
STRUCTURE,SUBSTRUCTURE,STUB COLUMN & TIE BEAM,RC Beam,"Rebar SD40, 12mm dia.",KG.,6185.00,,,,,,,,,,,,,,6185.00,22.50,5.00,27.50,170087.50
STRUCTURE,SUBSTRUCTURE,STUB COLUMN & TIE BEAM,RC Beam,"Rebar SD40, 16mm dia.",KG.,3781.00,,,,,,,,,,,,,,3781.00,22.00,5.00,27.00,102087.00
STRUCTURE,SUBSTRUCTURE,STUB COLUMN & TIE BEAM,RC Beam,"Rebar SD50, 20mm dia.(SD40)",KG.,7905.00,,,,,,,,,,,,,,7905.00,22.00,4.50,26.50,209482.50
STRUCTURE,SUBSTRUCTURE,STUB COLUMN & TIE BEAM,RC Beam,"Rebar SD50, 25mm dia.(SD40)",KG.,13417.00,,,,,,,,,,,,,,13417.00,22.00,4.50,26.50,355550.50
STRUCTURE,SUBSTRUCTURE,STUB COLUMN & TIE BEAM,RC Beam,"Rebar SD50, 28mm dia.(SD40)",KG.,26520.00,,,,,,,,,,,,,,26520.00,22.00,4.50,26.50,702780.00
STRUCTURE,SUBSTRUCTURE,STUB COLUMN & TIE BEAM,RC Beam,"Rebar SD50, 32mm dia.",KG.,10259.00,,,,,,,,,,,,,,10259.00,22.50,4.50,27.00,276993.00
STRUCTURE,SUBSTRUCTURE,LOWEST SLAB CONSTRUCTION,"Compacted sand, 50mm thick",Excavation to footing,M3,0.00,,,,,,,,,,,,,,0.00,0.00,110.00,110.00,0.00
STRUCTURE,SUBSTRUCTURE,LOWEST SLAB CONSTRUCTION,"Compacted sand, 50mm thick","Remove excavation material, off-site",M3,0.00,,,,,,,,,,,,,,0.00,0.00,70.00,70.00,0.00
STRUCTURE,SUBSTRUCTURE,LOWEST SLAB CONSTRUCTION,"Compacted sand, 50mm thick",Back fill by existing soil.,M3,0.00,,,,,,,,,,,,,,0.00,0.00,110.00,110.00,0.00
STRUCTURE,SUBSTRUCTURE,LOWEST SLAB CONSTRUCTION,"Compacted sand, 50mm thick",Existing grade compaction,M2,0.00,,,,,,,,,,,,,,0.00,0.00,35.00,35.00,0.00
STRUCTURE,SUBSTRUCTURE,LOWEST SLAB CONSTRUCTION,"Compacted sand, 50mm thick","Compacted sand, 50mm thick",M2,25.00,,,,,,,,,,,,,,25.00,95.00,15.00,110.00,2750.00
STRUCTURE,SUBSTRUCTURE,LOWEST SLAB CONSTRUCTION,"Compacted sand, 50mm thick","Lean concrete, 50mm thick",M2,25.00,,,,,,,,,,,,,,25.00,165.00,70.00,235.00,5875.00
STRUCTURE,SUBSTRUCTURE,LOWEST SLAB CONSTRUCTION,"Compacted sand, 50mm thick",Formworks,M2,534.00,,,,,,,,,,,,,,534.00,1575.00,220.00,1795.00,958530.00
STRUCTURE,SUBSTRUCTURE,LOWEST SLAB CONSTRUCTION,"Compacted sand, 50mm thick","Rebar SR24, 6mm dia.",Kg.,0.00,,,,,,,,,,,,,,0.00,24.00,5.50,29.50,0.00
STRUCTURE,SUBSTRUCTURE,LOWEST SLAB CONSTRUCTION,"Compacted sand, 50mm thick","Rebar SR24, 9mm dia.",Kg.,0.00,,,,,,,,,,,,,,0.00,23.00,5.50,28.50,0.00
STRUCTURE,SUBSTRUCTURE,LOWEST SLAB CONSTRUCTION,"Compacted sand, 50mm thick","Rebar SD40, 10mm dia.",Kg.,0.00,,,,,,,,,,,,,,0.00,23.00,5.50,28.50,0.00
STRUCTURE,SUBSTRUCTURE,LOWEST SLAB CONSTRUCTION,"Compacted sand, 50mm thick","Rebar SD40, 12mm dia.",Kg.,0.00,,,,,,,,,,,,,,0.00,22.50,5.00,27.50,0.00
STRUCTURE,SUBSTRUCTURE,LOWEST SLAB CONSTRUCTION,"Compacted sand, 50mm thick","Rebar SD40, 16mm dia.",Kg.,36486.00,,,,,,,,,,,,,,36486.00,22.00,5.00,27.00,985122.00
STRUCTURE,SUBSTRUCTURE,LOWEST SLAB CONSTRUCTION,"Compacted sand, 50mm thick","Rebar SD50, 20mm dia.(SD40)",Kg.,1132.00,,,,,,,,,,,,,,1132.00,22.00,4.50,26.50,29998.00
STRUCTURE,SUBSTRUCTURE,LOWEST SLAB CONSTRUCTION,"Compacted sand, 50mm thick","Rebar SD50, 25mm dia.(SD40)",Kg.,0.00,,,,,,,,,,,,,,0.00,22.00,4.50,26.50,0.00
STRUCTURE,SUBSTRUCTURE,LOWEST SLAB CONSTRUCTION,"Compacted sand, 50mm thick","Rebar SD50, 28mm dia.(SD40)",Kg.,0.00,,,,,,,,,,,,,,0.00,22.00,4.50,26.50,0.00
STRUCTURE,SUBSTRUCTURE,LOWEST SLAB CONSTRUCTION,"Compacted sand, 50mm thick","Rebar SD50, 32mm dia.",Kg.,0.00,,,,,,,,,,,,,,0.00,22.50,4.50,27.00,0.00
STRUCTURE,SUBSTRUCTURE,LOWEST SLAB CONSTRUCTION,Water/Damp proof system,Sheet membrane waterproof (Bituthene 3000),M2,470.00,,,,,,,,,,,,,,470.00,225.00,45.00,270.00,126900.00
STRUCTURE,SUBSTRUCTURE,LOWEST SLAB CONSTRUCTION,Water/Damp proof system,"Water Stope 8""",M,0.00,,,,,,,,,,,,,,0.00,0.00,0.00,0.00,0.00
STRUCTURE,SUBSTRUCTURE,LOWEST SLAB CONSTRUCTION,Soil slope stabilization,Allowance for temporary slope protection.,Item,,,,,,,,,,,,,,,0.00,0.00,0.00,0.00,0.00
STRUCTURE,SUBSTRUCTURE,LOWEST SLAB CONSTRUCTION,Additional Items,Concrete 320ksc. cylinder test  ผสมน้ำยากันซึม,M3,254.00,,,,,,,,,,,,,,254.00,2060.00,265.00,2325.00,590550.00
STRUCTURE,SUBSTRUCTURE,LOWEST SLAB CONSTRUCTION,Additional Items,Waterproof (Internal)  (Include in Architects work),M2,940.00,,,,,,,,,,,,,,940.00,0.00,0.00,0.00,0.00
STRUCTURE,SUPERSTRUCTURE,BEAM,RC Beam,Excavation.,M3,0.00,0.00,0.00,0.00,0.00,0.00,0.00,0.00,0.00,0.00,0.00,0.00,0.00,,0.00,0.00,115.00,115.00,0.00
STRUCTURE,SUPERSTRUCTURE,BEAM,RC Beam,"Remove excavation material, off-site",M3,0.00,0.00,0.00,0.00,0.00,0.00,0.00,0.00,0.00,0.00,0.00,0.00,0.00,,0.00,0.00,75.00,75.00,0.00
STRUCTURE,SUPERSTRUCTURE,BEAM,RC Beam,Back fill by existing soil.,M3,0.00,0.00,0.00,0.00,0.00,0.00,0.00,0.00,0.00,0.00,0.00,0.00,0.00,,0.00,0.00,115.00,115.00,0.00
STRUCTURE,SUPERSTRUCTURE,BEAM,RC Beam,Compacted soil,M2,0.00,205.00,0.00,0.00,0.00,0.00,0.00,0.00,0.00,0.00,0.00,0.00,0.00,,205.00,0.00,40.00,40.00,8200.00
STRUCTURE,SUPERSTRUCTURE,BEAM,RC Beam,"Compacted sand, 50mm thick",M2,0.00,205.00,0.00,0.00,0.00,0.00,0.00,0.00,0.00,0.00,0.00,0.00,0.00,,205.00,95.00,15.00,110.00,22550.00
STRUCTURE,SUPERSTRUCTURE,BEAM,RC Beam,"Lean concrete, 50mm thick",M2,0.00,205.00,0.00,0.00,0.00,0.00,0.00,0.00,0.00,0.00,0.00,0.00,0.00,,205.00,165.00,75.00,240.00,49200.00
STRUCTURE,SUPERSTRUCTURE,BEAM,RC Beam,Sheet membrane waterproof( PVC Sheet 0.15mm.),M2,0.00,205.00,0.00,0.00,0.00,0.00,0.00,0.00,0.00,0.00,0.00,0.00,0.00,,205.00,25.00,10.00,35.00,7175.00
STRUCTURE,SUPERSTRUCTURE,BEAM,RC Beam,Concrete 320ksc. cylinder test,M3,0.00,151.00,121.00,175.00,12.00,8.00,8.00,8.00,8.00,8.00,8.00,407.00,9.00,,923.00,1985.00,265.00,2250.00,2076750.00
STRUCTURE,SUPERSTRUCTURE,BEAM,RC Beam,Formworks,M2,0.00,760.00,686.00,733.00,93.00,57.00,57.00,57.00,57.00,57.00,57.00,1235.00,78.00,,3927.00,195.00,260.00,455.00,1786785.00
STRUCTURE,SUPERSTRUCTURE,BEAM,RC Beam,"Rebar SR24, 6mm dia.",KG.,0.00,0.00,0.00,0.00,0.00,0.00,0.00,0.00,0.00,0.00,0.00,0.00,0.00,,0.00,24.00,5.50,29.50,0.00
STRUCTURE,SUPERSTRUCTURE,BEAM,RC Beam,"Rebar SR24, 9mm dia.",KG.,0.00,0.00,0.00,44.00,0.00,0.00,0.00,0.00,0.00,0.00,0.00,0.00,0.00,,44.00,23.00,5.50,28.50,1254.00
STRUCTURE,SUPERSTRUCTURE,BEAM,RC Beam,"Rebar SD40, 10mm dia.",KG.,0.00,0.00,0.00,0.00,0.00,0.00,0.00,0.00,0.00,0.00,0.00,0.00,0.00,,0.00,23.00,5.50,28.50,0.00
STRUCTURE,SUPERSTRUCTURE,BEAM,RC Beam,"Rebar SD40, 12mm dia.",KG.,0.00,11486.00,9857.00,6291.00,1546.00,717.00,717.00,717.00,717.00,717.00,717.00,10075.00,1653.00,,45210.00,22.50,5.00,27.50,1243275.00
STRUCTURE,SUPERSTRUCTURE,BEAM,RC Beam,"Rebar SD40, 16mm dia.",KG.,0.00,2686.00,4808.00,6003.00,219.00,95.00,95.00,95.00,95.00,95.00,95.00,34450.00,2212.00,,50948.00,22.00,5.00,27.00,1375596.00
STRUCTURE,SUPERSTRUCTURE,BEAM,RC Beam,"Rebar SD50, 20mm dia.(SD40)",KG.,0.00,2140.00,7576.00,1390.00,495.00,402.00,402.00,402.00,402.00,402.00,402.00,14862.00,0.00,,28875.00,22.00,4.50,26.50,765187.50
STRUCTURE,SUPERSTRUCTURE,BEAM,RC Beam,"Rebar SD50, 25mm dia.(SD40)",KG.,0.00,12347.00,11510.00,8402.00,1030.00,737.00,737.00,737.00,737.00,737.00,737.00,45623.00,0.00,,83334.00,22.00,4.50,26.50,2208351.00
STRUCTURE,SUPERSTRUCTURE,BEAM,RC Beam,"Rebar SD50, 28mm dia.(SD40)",KG.,0.00,8787.00,0.00,21977.00,0.00,0.00,0.00,0.00,0.00,0.00,0.00,19444.00,0.00,,50208.00,22.00,4.50,26.50,1330512.00
STRUCTURE,SUPERSTRUCTURE,BEAM,RC Beam,"Rebar SD50, 32mm dia.",KG.,0.00,0.00,0.00,0.00,0.00,0.00,0.00,0.00,0.00,0.00,0.00,0.00,0.00,,0.00,22.50,4.50,27.00,0.00
STRUCTURE,SUPERSTRUCTURE,BEAM,Post Tension Beam [PBxx],Concrete 320ksc. cylinder test,M3,0.00,0.00,0.00,0.00,0.00,0.00,0.00,0.00,0.00,0.00,0.00,0.00,0.00,,0.00,0.00,0.00,0.00,0.00
STRUCTURE,SUPERSTRUCTURE,BEAM,Post Tension Beam [PBxx],Formworks,M2,0.00,0.00,0.00,0.00,0.00,0.00,0.00,0.00,0.00,0.00,0.00,0.00,0.00,,0.00,0.00,0.00,0.00,0.00
STRUCTURE,SUPERSTRUCTURE,BEAM,Post Tension Beam [PBxx],"Rebar SR24, 6mm dia.",KG.,0.00,0.00,0.00,0.00,0.00,0.00,0.00,0.00,0.00,0.00,0.00,0.00,0.00,,0.00,24.00,5.50,29.50,0.00
STRUCTURE,SUPERSTRUCTURE,BEAM,Post Tension Beam [PBxx],"Rebar SR24, 9mm dia.",KG.,0.00,0.00,0.00,0.00,0.00,0.00,0.00,0.00,0.00,0.00,0.00,0.00,0.00,,0.00,23.00,5.50,28.50,0.00
STRUCTURE,SUPERSTRUCTURE,BEAM,Post Tension Beam [PBxx],"Rebar SD40, 10mm dia.",KG.,0.00,0.00,0.00,0.00,0.00,0.00,0.00,0.00,0.00,0.00,0.00,0.00,0.00,,0.00,23.00,5.50,28.50,0.00
STRUCTURE,SUPERSTRUCTURE,BEAM,Post Tension Beam [PBxx],"Rebar SD40, 12mm dia.",KG.,0.00,0.00,0.00,0.00,0.00,0.00,0.00,0.00,0.00,0.00,0.00,0.00,0.00,,0.00,22.50,5.00,27.50,0.00
STRUCTURE,SUPERSTRUCTURE,BEAM,Post Tension Beam [PBxx],"Rebar SD40, 16mm dia.",KG.,0.00,0.00,0.00,0.00,0.00,0.00,0.00,0.00,0.00,0.00,0.00,0.00,0.00,,0.00,22.00,5.00,27.00,0.00
STRUCTURE,SUPERSTRUCTURE,BEAM,Post Tension Beam [PBxx],"Rebar SD50, 20mm dia.(SD40)",KG.,0.00,0.00,0.00,0.00,0.00,0.00,0.00,0.00,0.00,0.00,0.00,0.00,0.00,,0.00,22.00,4.50,26.50,0.00
STRUCTURE,SUPERSTRUCTURE,BEAM,Post Tension Beam [PBxx],"Rebar SD50, 25mm dia.(SD40)",KG.,0.00,0.00,0.00,0.00,0.00,0.00,0.00,0.00,0.00,0.00,0.00,0.00,0.00,,0.00,22.00,4.50,26.50,0.00
STRUCTURE,SUPERSTRUCTURE,BEAM,Post Tension Beam [PBxx],"Rebar SD50, 28mm dia.(SD40)",KG.,0.00,0.00,0.00,0.00,0.00,0.00,0.00,0.00,0.00,0.00,0.00,0.00,0.00,,0.00,22.00,4.50,26.50,0.00
STRUCTURE,SUPERSTRUCTURE,BEAM,Post Tension Beam [PBxx],"Rebar SD50, 32mm dia.",KG.,0.00,0.00,0.00,0.00,0.00,0.00,0.00,0.00,0.00,0.00,0.00,0.00,0.00,,0.00,22.50,4.50,27.00,0.00
STRUCTURE,SUPERSTRUCTURE,SLAB,RC Slab,Excavation.,M3,0.00,0.00,0.00,0.00,0.00,0.00,0.00,0.00,0.00,0.00,0.00,0.00,0.00,,0.00,0.00,115.00,115.00,0.00
STRUCTURE,SUPERSTRUCTURE,SLAB,RC Slab,Compacted soil,M2,0.00,2002.00,0.00,0.00,0.00,0.00,0.00,0.00,0.00,0.00,0.00,0.00,0.00,,2002.00,0.00,40.00,40.00,80080.00
STRUCTURE,SUPERSTRUCTURE,SLAB,RC Slab,Compacted sand,M2,0.00,2002.00,0.00,0.00,0.00,0.00,0.00,0.00,0.00,0.00,0.00,0.00,0.00,,2002.00,95.00,15.00,110.00,220220.00
STRUCTURE,SUPERSTRUCTURE,SLAB,RC Slab,"Lean concrete, 30mm thick",M2,0.00,2002.00,0.00,0.00,0.00,0.00,0.00,0.00,0.00,0.00,0.00,0.00,0.00,,2002.00,165.00,75.00,240.00,480480.00
STRUCTURE,SUPERSTRUCTURE,SLAB,RC Slab,Sheet membrane waterproof ( PVC Sheet 0.15mm.),M2,0.00,2002.00,0.00,0.00,0.00,0.00,0.00,0.00,0.00,0.00,0.00,0.00,0.00,,2002.00,25.00,10.00,35.00,70070.00
STRUCTURE,SUPERSTRUCTURE,SLAB,RC Slab,"Concrete 320ksc. cylinder test, Waterproof Mix",M3,0.00,406.00,136.00,0.00,0.00,0.00,0.00,0.00,0.00,0.00,0.00,509.00,64.00,,1115.00,2060.00,440.00,2500.00,2787500.00
STRUCTURE,SUPERSTRUCTURE,SLAB,RC Slab,Formworks,M2,0.00,412.00,882.00,310.00,0.00,0.00,0.00,0.00,0.00,0.00,0.00,1722.00,289.00,,3615.00,350.00,220.00,570.00,2060550.00
STRUCTURE,SUPERSTRUCTURE,SLAB,RC Slab,"Rebar SR24, 6mm dia.",KG.,0.00,0.00,0.00,0.00,0.00,0.00,0.00,0.00,0.00,0.00,0.00,0.00,0.00,,0.00,24.00,5.50,29.50,0.00
STRUCTURE,SUPERSTRUCTURE,SLAB,RC Slab,"Rebar SR24, 9mm dia.",KG.,0.00,0.00,0.00,0.00,0.00,0.00,0.00,0.00,0.00,0.00,0.00,0.00,0.00,,0.00,23.00,5.50,28.50,0.00
STRUCTURE,SUPERSTRUCTURE,SLAB,RC Slab,"Rebar SD40, 10mm dia.",KG.,0.00,0.00,0.00,0.00,0.00,0.00,0.00,0.00,0.00,0.00,0.00,0.00,0.00,,0.00,23.00,5.50,28.50,0.00
STRUCTURE,SUPERSTRUCTURE,SLAB,RC Slab,"Rebar SD40, 12mm dia.",KG.,0.00,12923.00,8563.00,5132.00,0.00,0.00,0.00,0.00,0.00,0.00,0.00,2421.00,6206.00,,35245.00,22.50,5.00,27.50,969237.50
STRUCTURE,SUPERSTRUCTURE,SLAB,RC Slab,"Rebar SD40, 16mm dia.",KG.,0.00,45956.00,19539.00,3158.00,0.00,0.00,0.00,0.00,0.00,0.00,0.00,62691.00,336.00,,131680.00,22.00,5.00,27.00,3555360.00
STRUCTURE,SUPERSTRUCTURE,SLAB,RC Slab,"Rebar SD50, 20mm dia.(SD40)",KG.,0.00,0.00,0.00,0.00,0.00,0.00,0.00,0.00,0.00,0.00,0.00,1731.00,0.00,,1731.00,22.00,4.50,26.50,45871.50
STRUCTURE,SUPERSTRUCTURE,SLAB,RC Slab,"Rebar SD50, 25mm dia.(SD40)",KG.,0.00,0.00,0.00,0.00,0.00,0.00,0.00,0.00,0.00,0.00,0.00,4379.00,0.00,,4379.00,22.00,4.50,26.50,116043.50
STRUCTURE,SUPERSTRUCTURE,SLAB,RC Slab,"Rebar SD50, 28mm dia.(SD40)",KG.,0.00,0.00,0.00,0.00,0.00,0.00,0.00,0.00,0.00,0.00,0.00,0.00,0.00,,0.00,22.00,4.50,26.50,0.00
STRUCTURE,SUPERSTRUCTURE,SLAB,RC Slab,"Rebar SD50, 32mm dia.",KG.,0.00,0.00,0.00,0.00,0.00,0.00,0.00,0.00,0.00,0.00,0.00,0.00,0.00,,0.00,22.50,4.50,27.00,0.00
STRUCTURE,SUPERSTRUCTURE,SLAB,Post-Tension Slab,Concrete 320ksc. cylinder test,M3,0.00,0.00,0.00,443.00,293.00,446.00,446.00,446.00,446.00,446.00,477.00,0.00,0.00,,3443.00,2290.00,440.00,2730.00,9399390.00
STRUCTURE,SUPERSTRUCTURE,SLAB,Post-Tension Slab,Formworks,M2,0.00,0.00,0.00,1808.00,1176.00,1766.00,1766.00,1766.00,1766.00,1766.00,1764.00,0.00,0.00,,13578.00,350.00,220.00,570.00,7739460.00
STRUCTURE,SUPERSTRUCTURE,SLAB,Post-Tension Slab,"Rebar SR24, 6mm dia.",Kg.,0.00,0.00,0.00,29.00,29.00,29.00,29.00,29.00,29.00,29.00,29.00,0.00,0.00,,232.00,24.00,5.50,29.50,6844.00
STRUCTURE,SUPERSTRUCTURE,SLAB,Post-Tension Slab,"Rebar SR24, 9mm dia.",Kg.,0.00,0.00,0.00,694.00,381.00,728.00,728.00,728.00,728.00,728.00,728.00,0.00,0.00,,5443.00,23.00,5.50,28.50,155125.50
STRUCTURE,SUPERSTRUCTURE,SLAB,Post-Tension Slab,"Rebar SD40, 10mm dia.",Kg.,0.00,0.00,0.00,0.00,0.00,0.00,0.00,0.00,0.00,0.00,0.00,0.00,0.00,,0.00,23.00,5.50,28.50,0.00
STRUCTURE,SUPERSTRUCTURE,SLAB,Post-Tension Slab,"Rebar SD40, 12mm dia.",Kg.,0.00,0.00,0.00,15028.00,11201.00,19726.00,19726.00,19726.00,19726.00,19726.00,20551.00,0.00,0.00,,145410.00,22.50,5.00,27.50,3998775.00
STRUCTURE,SUPERSTRUCTURE,SLAB,Post-Tension Slab,"Rebar SD40, 16mm dia.",Kg.,0.00,0.00,0.00,5384.00,4999.00,6937.00,6937.00,6937.00,6937.00,6937.00,6937.00,0.00,0.00,,52005.00,22.00,5.00,27.00,1404135.00
STRUCTURE,SUPERSTRUCTURE,SLAB,Post-Tension Slab,"Rebar SD50, 20mm dia.(SD40)",Kg.,0.00,0.00,0.00,0.00,0.00,0.00,0.00,0.00,0.00,0.00,0.00,0.00,0.00,,0.00,22.00,4.50,26.50,0.00
STRUCTURE,SUPERSTRUCTURE,SLAB,Post-Tension Slab,"Rebar SD50, 25mm dia.(SD40)",Kg.,0.00,0.00,0.00,2274.00,1583.00,2960.00,2960.00,2960.00,2960.00,2960.00,2960.00,0.00,0.00,,21617.00,22.00,4.50,26.50,572850.50
STRUCTURE,SUPERSTRUCTURE,SLAB,Post-Tension Slab,"Rebar SD50, 28mm dia.(SD40)",Kg.,0.00,0.00,0.00,0.00,0.00,0.00,0.00,0.00,0.00,0.00,0.00,0.00,0.00,,0.00,22.00,4.50,26.50,0.00
STRUCTURE,SUPERSTRUCTURE,SLAB,Post-Tension Slab,"Rebar SD50, 32mm dia.",Kg.,0.00,0.00,0.00,0.00,0.00,0.00,0.00,0.00,0.00,0.00,0.00,0.00,0.00,,0.00,22.50,4.50,27.00,0.00
STRUCTURE,SUPERSTRUCTURE,SLAB,Post-Tension Slab,Post-tension slab & beam,M2,0.00,0.00,0.00,1626.00,1101.00,1648.00,1648.00,1648.00,1648.00,1648.00,1285.00,0.00,0.00,,12252.00,500.00,0.00,500.00,6126000.00
STRUCTURE,SUPERSTRUCTURE,SLAB,Additional Items,Concrete 320ksc. cylinder test,M3,0.00,104.00,88.00,88.00,0.00,0.00,0.00,0.00,0.00,0.00,0.00,509.00,64.00,,853.00,2060.00,440.00,2500.00,2132500.00
STRUCTURE,SUPERSTRUCTURE,"COLUMN, LOAD BEARING & SHEAR WALL",RC Column [Cxx],Concrete 500ksc. cylinder test,M3,0.00,210.00,248.00,118.00,111.00,107.00,76.00,92.00,107.00,86.00,168.00,118.00,118.00,,1559.00,2520.00,265.00,2785.00,4341815.00
STRUCTURE,SUPERSTRUCTURE,"COLUMN, LOAD BEARING & SHEAR WALL",RC Column [Cxx],Formworks,M2,0.00,750.00,894.00,430.00,396.00,383.00,284.00,329.00,383.00,306.00,565.00,425.00,425.00,,5570.00,195.00,260.00,455.00,2534350.00
STRUCTURE,SUPERSTRUCTURE,"COLUMN, LOAD BEARING & SHEAR WALL",RC Column [Cxx],"Rebar SR24, 6mm dia.",KG.,0.00,0.00,0.00,0.00,0.00,0.00,0.00,0.00,0.00,0.00,0.00,0.00,0.00,,0.00,24.00,5.50,29.50,0.00
STRUCTURE,SUPERSTRUCTURE,"COLUMN, LOAD BEARING & SHEAR WALL",RC Column [Cxx],"Rebar SR24, 9mm dia.",KG.,0.00,1876.00,2167.00,1086.00,1033.00,1029.00,883.00,931.00,960.00,888.00,1727.00,1067.00,1067.00,,14714.00,23.00,5.50,28.50,419349.00
STRUCTURE,SUPERSTRUCTURE,"COLUMN, LOAD BEARING & SHEAR WALL",RC Column [Cxx],"Rebar SD40, 10mm dia.",KG.,0.00,0.00,0.00,0.00,0.00,0.00,0.00,0.00,0.00,0.00,0.00,0.00,0.00,,0.00,23.00,5.50,28.50,0.00
STRUCTURE,SUPERSTRUCTURE,"COLUMN, LOAD BEARING & SHEAR WALL",RC Column [Cxx],"Rebar SD40, 12mm dia.",KG.,0.00,4317.00,5120.00,2734.00,2453.00,2386.00,1960.00,2087.00,2468.00,1940.00,4158.00,2018.00,2018.00,,33659.00,22.50,5.00,27.50,925622.50
STRUCTURE,SUPERSTRUCTURE,"COLUMN, LOAD BEARING & SHEAR WALL",RC Column [Cxx],"Rebar SD40, 16mm dia.",KG.,0.00,3258.00,4013.00,1988.00,1616.00,1566.00,1298.00,1385.00,1566.00,1298.00,1897.00,3057.00,3057.00,,25999.00,22.00,5.00,27.00,701973.00
STRUCTURE,SUPERSTRUCTURE,"COLUMN, LOAD BEARING & SHEAR WALL",RC Column [Cxx],"Rebar SD50, 20mm dia.",KG.,0.00,5618.00,6470.00,4435.00,4937.00,4801.00,4031.00,4257.00,4801.00,4483.00,8606.00,5724.00,5724.00,,63887.00,22.50,4.50,27.00,1724949.00
STRUCTURE,SUPERSTRUCTURE,"COLUMN, LOAD BEARING & SHEAR WALL",RC Column [Cxx],"Rebar SD50, 25mm dia.",KG.,0.00,11006.00,12634.00,9508.00,9283.00,8994.00,7616.00,8021.00,8994.00,6896.00,12413.00,5408.00,5408.00,,106181.00,22.50,4.50,27.00,2866887.00
STRUCTURE,SUPERSTRUCTURE,"COLUMN, LOAD BEARING & SHEAR WALL",RC Column [Cxx],"Rebar SD50, 28mm dia.",KG.,0.00,22276.00,28130.00,10258.00,7489.00,7296.00,6201.00,6523.00,7296.00,6201.00,13218.00,12358.00,12358.00,,139604.00,22.50,4.50,27.00,3769308.00
STRUCTURE,SUPERSTRUCTURE,"COLUMN, LOAD BEARING & SHEAR WALL",RC Column [Cxx],"Rebar SD50, 32mm dia.",KG.,0.00,8827.00,10086.00,3448.00,3355.00,3271.00,2797.00,2937.00,3271.00,2797.00,8178.00,4447.00,4447.00,,57861.00,22.50,4.50,27.00,1562247.00
STRUCTURE,SUPERSTRUCTURE,"COLUMN, LOAD BEARING & SHEAR WALL",RC Shear Wall [SWxx],Concrete 500ksc. cylinder test,M3,0.00,171.00,202.00,86.00,95.00,95.00,95.00,95.00,95.00,95.00,95.00,94.00,94.00,,1312.00,2520.00,265.00,2785.00,3653920.00
STRUCTURE,SUPERSTRUCTURE,"COLUMN, LOAD BEARING & SHEAR WALL",RC Shear Wall [SWxx],Formworks,M2,0.00,1017.00,1187.00,540.00,540.00,540.00,540.00,540.00,540.00,540.00,540.00,561.00,561.00,,7646.00,210.00,260.00,470.00,3593620.00
STRUCTURE,SUPERSTRUCTURE,"COLUMN, LOAD BEARING & SHEAR WALL",RC Shear Wall [SWxx],"Rebar SR24, 6mm dia.",KG.,0.00,0.00,0.00,0.00,0.00,0.00,0.00,0.00,0.00,0.00,0.00,0.00,0.00,,0.00,24.00,5.50,29.50,0.00
STRUCTURE,SUPERSTRUCTURE,"COLUMN, LOAD BEARING & SHEAR WALL",RC Shear Wall [SWxx],"Rebar SR24, 9mm dia.",KG.,0.00,1227.00,1430.00,688.00,614.00,614.00,614.00,614.00,614.00,614.00,614.00,622.00,622.00,,8887.00,23.00,5.50,28.50,253279.50
STRUCTURE,SUPERSTRUCTURE,"COLUMN, LOAD BEARING & SHEAR WALL",RC Shear Wall [SWxx],"Rebar SD40, 10mm dia.",KG.,0.00,0.00,0.00,0.00,0.00,0.00,0.00,0.00,0.00,0.00,0.00,0.00,0.00,,0.00,23.00,5.50,28.50,0.00
STRUCTURE,SUPERSTRUCTURE,"COLUMN, LOAD BEARING & SHEAR WALL",RC Shear Wall [SWxx],"Rebar SD40, 12mm dia.",KG.,0.00,7074.00,8164.00,3928.00,3654.00,3654.00,3654.00,3654.00,3654.00,3654.00,3654.00,3918.00,3918.00,,52580.00,22.50,5.00,27.50,1445950.00
STRUCTURE,SUPERSTRUCTURE,"COLUMN, LOAD BEARING & SHEAR WALL",RC Shear Wall [SWxx],"Rebar SD40, 16mm dia.",KG.,0.00,3071.00,3549.00,1903.00,1787.00,1787.00,1787.00,1787.00,1787.00,1787.00,1787.00,2061.00,2061.00,,25154.00,22.00,5.00,27.00,679158.00
STRUCTURE,SUPERSTRUCTURE,"COLUMN, LOAD BEARING & SHEAR WALL",RC Shear Wall [SWxx],"Rebar SD50, 20mm dia.",KG.,0.00,5162.00,5966.00,2256.00,2252.00,2252.00,2252.00,2252.00,2252.00,2252.00,2252.00,2605.00,2605.00,,34358.00,22.50,4.50,27.00,927666.00
STRUCTURE,SUPERSTRUCTURE,"COLUMN, LOAD BEARING & SHEAR WALL",RC Shear Wall [SWxx],"Rebar SD50, 25mm dia.",KG.,0.00,13891.00,15917.00,6905.00,5951.00,5951.00,5951.00,5951.00,5951.00,5951.00,5951.00,5426.00,5426.00,,89222.00,22.50,4.50,27.00,2408994.00
STRUCTURE,SUPERSTRUCTURE,"COLUMN, LOAD BEARING & SHEAR WALL",RC Shear Wall [SWxx],"Rebar SD50, 28mm dia.",KG.,0.00,2911.00,2971.00,624.00,520.00,520.00,520.00,520.00,520.00,520.00,520.00,0.00,0.00,,10146.00,22.50,4.50,27.00,273942.00
STRUCTURE,SUPERSTRUCTURE,"COLUMN, LOAD BEARING & SHEAR WALL",RC Shear Wall [SWxx],"Rebar SD50, 32mm dia.",KG.,0.00,813.00,912.00,540.00,342.00,342.00,342.00,342.00,342.00,342.00,342.00,465.00,465.00,,5589.00,22.50,4.50,27.00,150903.00
STRUCTURE,SUPERSTRUCTURE,WATER RETAINING & NON LOAD BEARING WALL,RC Retaining Wall (WWAx),Concrete 320ksc. cylinder test,M3,,,,,,,,,,,,,,,0.00,2060.00,265.00,2325.00,0.00
STRUCTURE,SUPERSTRUCTURE,WATER RETAINING & NON LOAD BEARING WALL,RC Retaining Wall (WWAx),Formworks,M2,,,,,,,,,,,,,,,0.00,210.00,260.00,470.00,0.00
STRUCTURE,SUPERSTRUCTURE,WATER RETAINING & NON LOAD BEARING WALL,RC Retaining Wall (WWAx),"Rebar SR24, 6mm dia.",KG.,,,,,,,,,,,,,,,0.00,24.00,5.50,29.50,0.00
STRUCTURE,SUPERSTRUCTURE,WATER RETAINING & NON LOAD BEARING WALL,RC Retaining Wall (WWAx),"Rebar SR24, 9mm dia.",KG.,,,,,,,,,,,,,,,0.00,23.00,5.50,28.50,0.00
STRUCTURE,SUPERSTRUCTURE,WATER RETAINING & NON LOAD BEARING WALL,RC Retaining Wall (WWAx),"Rebar SD40, 10mm dia.",KG.,,,,,,,,,,,,,,,0.00,23.00,5.50,28.50,0.00
STRUCTURE,SUPERSTRUCTURE,WATER RETAINING & NON LOAD BEARING WALL,RC Retaining Wall (WWAx),"Rebar SD40, 12mm dia.",KG.,,,,,,,,,,,,,,,0.00,22.50,5.00,27.50,0.00
STRUCTURE,SUPERSTRUCTURE,WATER RETAINING & NON LOAD BEARING WALL,RC Retaining Wall (WWAx),"Rebar SD40, 16mm dia.",KG.,,,,,,,,,,,,,,,0.00,22.00,5.00,27.00,0.00
STRUCTURE,SUPERSTRUCTURE,WATER RETAINING & NON LOAD BEARING WALL,RC Retaining Wall (WWAx),"Rebar SD50, 20mm dia.",KG.,,,,,,,,,,,,,,,0.00,22.50,4.50,27.00,0.00
STRUCTURE,SUPERSTRUCTURE,WATER RETAINING & NON LOAD BEARING WALL,RC Retaining Wall (WWAx),"Rebar SD50, 25mm dia.",KG.,,,,,,,,,,,,,,,0.00,22.50,4.50,27.00,0.00
STRUCTURE,SUPERSTRUCTURE,WATER RETAINING & NON LOAD BEARING WALL,RC Retaining Wall (WWAx),"Rebar SD50, 28mm dia.",KG.,,,,,,,,,,,,,,,0.00,22.50,4.50,27.00,0.00
STRUCTURE,SUPERSTRUCTURE,WATER RETAINING & NON LOAD BEARING WALL,RC Retaining Wall (WWAx),"Rebar SD50, 32mm dia.",KG.,,,,,,,,,,,,,,,0.00,22.50,4.50,27.00,0.00
STRUCTURE,SUPERSTRUCTURE,WATER RETAINING & NON LOAD BEARING WALL,Miscellaneous,Sheet membrane waterproof,M2,,,,,,,,,,,,,,,0.00,0.00,0.00,0.00,0.00
STRUCTURE,SUPERSTRUCTURE,WATER RETAINING & NON LOAD BEARING WALL,Miscellaneous,"Water Stope 8""",M,,,,,,,,,,,,,,,0.00,0.00,0.00,0.00,0.00
STRUCTURE,SUPERSTRUCTURE,STAIRCASE,RC Staircase [STxx],Concrete 320ksc. cylinder test,M3,2.00,28.00,32.00,7.00,6.00,6.00,6.00,6.00,6.00,7.00,17.00,10.00,10.00,,143.00,1985.00,550.00,2535.00,362505.00
STRUCTURE,SUPERSTRUCTURE,STAIRCASE,RC Staircase [STxx],Formworks,M2,15.00,200.00,210.00,54.00,44.00,44.00,44.00,44.00,44.00,56.00,112.00,63.00,63.00,,993.00,235.00,325.00,560.00,556080.00
STRUCTURE,SUPERSTRUCTURE,STAIRCASE,RC Staircase [STxx],"Stair_Rebar SR24, 6mm dia.",KG.,0.00,0.00,0.00,0.00,0.00,0.00,0.00,0.00,0.00,0.00,0.00,0.00,0.00,,0.00,24.00,5.50,29.50,0.00
STRUCTURE,SUPERSTRUCTURE,STAIRCASE,RC Staircase [STxx],"Stair_Rebar SR24, 9mm dia.",KG.,28.00,311.00,182.00,123.00,107.00,107.00,107.00,107.00,107.00,139.00,257.00,125.00,125.00,,1825.00,23.00,5.50,28.50,52012.50
STRUCTURE,SUPERSTRUCTURE,STAIRCASE,RC Staircase [STxx],"Stair_Rebar SD40, 10mm dia.",KG.,0.00,0.00,0.00,0.00,0.00,0.00,0.00,0.00,0.00,0.00,0.00,0.00,0.00,,0.00,23.00,5.50,28.50,0.00
STRUCTURE,SUPERSTRUCTURE,STAIRCASE,RC Staircase [STxx],"Stair_Rebar SD40, 12mm dia.",KG.,84.00,1973.00,2542.00,650.00,537.00,537.00,537.00,537.00,537.00,662.00,1099.00,609.00,609.00,,10913.00,22.50,5.00,27.50,300107.50
STRUCTURE,SUPERSTRUCTURE,STAIRCASE,RC Staircase [STxx],"Stair_Rebar SD40, 16mm dia.",KG.,75.00,1650.00,1290.00,195.00,195.00,195.00,195.00,195.00,195.00,214.00,900.00,610.00,610.00,,6519.00,22.00,5.00,27.00,176013.00
STRUCTURE,SUPERSTRUCTURE,STAIRCASE,RC Staircase [STxx],"Stair_Rebar SD50, 20mm dia.(SD40)",KG.,0.00,52.00,601.00,57.00,57.00,57.00,57.00,57.00,57.00,75.00,127.00,68.00,68.00,,1333.00,22.00,4.50,26.50,35324.50
STRUCTURE,SUPERSTRUCTURE,STAIRCASE,RC Staircase [STxx],"Stair_Rebar SD50, 25mm dia.(SD40)",KG.,0.00,0.00,894.00,0.00,0.00,0.00,0.00,0.00,0.00,0.00,0.00,0.00,0.00,,894.00,22.00,4.50,26.50,23691.00
STRUCTURE,SUPERSTRUCTURE,STAIRCASE,RC Staircase [STxx],"Stair_Rebar SD50, 28mm dia.(SD40)",KG.,0.00,0.00,0.00,0.00,0.00,0.00,0.00,0.00,0.00,0.00,0.00,0.00,0.00,,0.00,22.00,4.50,26.50,0.00
STRUCTURE,SUPERSTRUCTURE,STAIRCASE,RC Staircase [STxx],"Stair_Rebar SD50, 32mm dia.",KG.,0.00,0.00,0.00,0.00,0.00,0.00,0.00,0.00,0.00,0.00,0.00,0.00,0.00,,0.00,22.50,4.50,27.00,0.00
STRUCTURE,SUPERSTRUCTURE,ROOF FRAME,Additional Items,Allowance for Steel structure @ Canopy roof(Provisional),Item,,,1.00,,,,,,,,,,,,1.00,4000000.00,0.00,4000000.00,4000000.00
STRUCTURE,SUPERSTRUCTURE,Steel Structure,Canopy,WF-500x200x10x16 mm. (89.6 kg/m),Kg,,,,,,,,,,,,,,,1290.00,64.50,22.00,86.50,111585.00
STRUCTURE,SUPERSTRUCTURE,Steel Structure,Canopy,WF-300x200x8x12 mm. (56.8 kg/m),Kg,,,,,,,,,,,,,,,3120.00,64.50,22.00,86.50,269880.00
STRUCTURE,SUPERSTRUCTURE,Steel Structure,Canopy,WF-200x100x5.5x8 mm. (21.3 kg/m),Kg,,,,,,,,,,,,,,,430.00,64.50,22.00,86.50,37195.00
STRUCTURE,SUPERSTRUCTURE,Steel Structure,Canopy,WF-150x75x5x7 mm. (14 kg/m),Kg,,,,,,,,,,,,,,,420.00,64.50,22.00,86.50,36330.00
STRUCTURE,SUPERSTRUCTURE,Steel Structure,Canopy,PL-10 mm. (81 kg/m2),Kg,,,,,,,,,,,,,,,1.00,56.00,22.00,78.00,78.00
STRUCTURE,SUPERSTRUCTURE,Steel Structure,Canopy,PL-15 mm. (122 kg/m2),Kg,,,,,,,,,,,,,,,100.00,56.00,22.00,78.00,7800.00
STRUCTURE,SUPERSTRUCTURE,Steel Structure,Canopy,Dowel DB16 (L=1.80m),Ea,,,,,,,,,,,,,,,6.00,87.50,65.00,152.50,915.00
STRUCTURE,SUPERSTRUCTURE,Steel Structure,Canopy,Dowel DB12 (L=1.13m),Ea,,,,,,,,,,,,,,,9.00,29.50,22.00,51.50,463.50
STRUCTURE,SUPERSTRUCTURE,Steel Structure,Canopy,Antirust Paint,m2,,,,,,,,,,,,,,,140.00,28.00,22.00,50.00,7000.00
STRUCTURE,SUPERSTRUCTURE,Steel Structure,Canopy,Enamel Paint,m2,,,,,,,,,,,,,,,140.00,55.50,43.50,99.00,13860.00
STRUCTURE,SUPERSTRUCTURE,Steel Structure,Canopy,Fireproof,m2,,,,,,,,,,,,,,,140.00,175.00,43.50,218.50,30590.00
STRUCTURE,SUPERSTRUCTURE,Steel Structure,Canopy,Wire Brush,m2,,,,,,,,,,,,,,,140.00,0.00,29.00,29.00,4060.00
STRUCTURE,SUPERSTRUCTURE,Steel Structure,Canopy,Dia.60mm Stainless Coupler,ea,,,,,,,,,,,,,,,6.00,816.50,144.00,960.50,5763.00
STRUCTURE,SUPERSTRUCTURE,Steel Structure,Canopy,Dia.30mm Stainless Steel rod,m,,,,,,,,,,,,,,,140.00,1749.00,287.50,2036.50,285110.00
STRUCTURE,SUPERSTRUCTURE,Steel Structure,Canopy,20mm.thk GMS Plate with Hole,ea,,,,,,,,,,,,,,,12.00,175.00,144.00,319.00,3828.00
STRUCTURE,SUPERSTRUCTURE,Steel Structure,Canopy,Pin Dia.30mm,ea,,,,,,,,,,,,,,,12.00,350.00,287.50,637.50,7650.00
STRUCTURE,SUPERSTRUCTURE,Steel Structure,Canopy,10mm.thk Stainless Plate,ea,,,,,,,,,,,,,,,24.00,583.00,144.00,727.00,17448.00
STRUCTURE,SUPERSTRUCTURE,Steel Structure,Façade Support),WF-300x150x5.5x8 mm. (32 kg/m),Kg,,,,,,,,,,,,,,,4900.00,35.00,22.00,57.00,279300.00
STRUCTURE,SUPERSTRUCTURE,Steel Structure,Façade Support),PL-12 mm. (97 kg/m2),Kg,,,,,,,,,,,,,,,250.00,29.50,22.00,51.50,12875.00
STRUCTURE,SUPERSTRUCTURE,Steel Structure,Façade Support),Dowel DB16 (L=1.90m),Ea,,,,,,,,,,,,,,,74.00,87.50,65.00,152.50,11285.00
STRUCTURE,SUPERSTRUCTURE,Steel Structure,Façade Support),Antirust Paint,m2,,,,,,,,,,,,,,,190.00,28.00,22.00,50.00,9500.00
STRUCTURE,SUPERSTRUCTURE,Steel Structure,Façade Support),Enamel Paint,m2,,,,,,,,,,,,,,,190.00,55.50,43.50,99.00,18810.00
STRUCTURE,SUPERSTRUCTURE,Steel Structure,Façade Support),Fireproof,m2,,,,,,,,,,,,,,,190.00,175.00,43.50,218.50,41515.00
STRUCTURE,SUPERSTRUCTURE,Steel Structure,Façade Support),Wire Brush,m2,,,,,,,,,,,,,,,190.00,0.00,29.00,29.00,5510.00
STRUCTURE,SUPERSTRUCTURE,Steel Structure,Roof Stack,H-150x150x7x10 mm. (31.5 kg/m),Kg,,,,,,,,,,,,,,,37590.00,35.00,22.00,57.00,2142630.00
STRUCTURE,SUPERSTRUCTURE,Steel Structure,Roof Stack,WF-200x100x5.5x8 mm. (21.3 kg/m),Kg,,,,,,,,,,,,,,,24300.00,35.00,22.00,57.00,1385100.00
STRUCTURE,SUPERSTRUCTURE,Steel Structure,Roof Stack,PL-25 mm. (203 kg/m2),Kg,,,,,,,,,,,,,,,10100.00,30.50,22.00,52.50,530250.00
STRUCTURE,SUPERSTRUCTURE,Steel Structure,Roof Stack,PL-10 mm. (81 kg/m2),Kg,,,,,,,,,,,,,,,6710.00,30.50,22.00,52.50,352275.00
STRUCTURE,SUPERSTRUCTURE,Steel Structure,Roof Stack,M16 J-Bolt,Ea,,,,,,,,,,,,,,,5300.00,82.00,45.00,127.00,673100.00
STRUCTURE,SUPERSTRUCTURE,Steel Structure,Roof Stack,Non Shrink Grout (3cm),m2,,,,,,,,,,,,,,,50.00,1224.50,647.00,1871.50,93575.00
STRUCTURE,SUPERSTRUCTURE,Steel Structure,Roof Stack,Antirust Paint,m2,,,,,,,,,,,,,,,2170.00,28.00,22.00,50.00,108500.00
STRUCTURE,SUPERSTRUCTURE,Steel Structure,Roof Stack,Enamel Paint,m2,,,,,,,,,,,,,,,2170.00,55.50,43.50,99.00,214830.00
STRUCTURE,SUPERSTRUCTURE,Steel Structure,Roof Stack,Fireproof,m2,,,,,,,,,,,,,,,2170.00,175.00,72.00,247.00,535990.00
STRUCTURE,SUPERSTRUCTURE,Steel Structure,Roof Stack,Wire Brush,m2,,,,,,,,,,,,,,,2170.00,0.00,29.00,29.00,62930.00
ARCHITECTURE,PARTITIONS & DOORS,PARTITIONS,Fixed Partitions,70mm thick Thai brick wall including concrete siffener.,M2,0,12,22,28,10,9,7,8,9,7,15,0,0,,127,225,285,510,64770
ARCHITECTURE,PARTITIONS & DOORS,PARTITIONS,Fixed Partitions,140mm thick Thai brick wall including concrete siffener.,M2,0,219,57,58,30,35,28,30,35,28,266,75,79,,940,445,480,925,869500
ARCHITECTURE,PARTITIONS & DOORS,PARTITIONS,Fixed Partitions,70mm thick concrete block including concrete stiffener.   (Autoclave aerated Block 75 mm.Thk.),M2,0,65,32,14,5,3,2,2,3,2,48,238,74,,488,340,190,530,258640
ARCHITECTURE,PARTITIONS & DOORS,PARTITIONS,Fixed Partitions,140mm thick concrete block including concrete stiffener.  (Autoclave aerated Block 150 mm.Thk.),M2,0,1015,1616,211,147,100,80,86,100,80,337,638,280,,4690,665,205,870,4080300
ARCHITECTURE,PARTITIONS & DOORS,PARTITIONS,Fixed Partitions,100mm high RC. curb.,M,0,129,244,93,56,40,40,40,40,40,92,70,0,,884,120,75,195,172380
ARCHITECTURE,PARTITIONS & DOORS,PARTITIONS,Fixed Partitions,150mm high RC. curb.,M,0,158,0,24,0,0,0,0,0,0,0,0,0,,182,175,90,265,48230
ARCHITECTURE,PARTITIONS & DOORS,PARTITIONS,Fixed Partitions,"100mm thick stud partition, 12mm thick gypsumboard both side on C75 frame and 50mm thick, 42kg/cu.m. rockwool [SD6-110]",M2,0,0,0,0,0,0,0,0,0,0,0,0,0,,0,760,320,1080,0
ARCHITECTURE,PARTITIONS & DOORS,PARTITIONS,Fixed Partitions,"98mm thick stud partition, 2x12mm thick gypsumboard both side on C50 frame and 50mm thick, 42kg/cu.m. rockwool [SD6-300]",M2,0,0,0,0,0,0,0,0,0,0,0,0,0,,0,785,335,1120,0
ARCHITECTURE,PARTITIONS & DOORS,PARTITIONS,Fixed Partitions,900mm high chain link with steel frame,M,0,9,0,0,0,0,0,0,0,0,0,0,0,,9,700,535,1235,11115
ARCHITECTURE,PARTITIONS & DOORS,PARTITIONS,Balustrades and Screens,SD2-102: 900mm high steel handrail including enamel paint [stair]Used Detail SD2-107,M,0,27,9,12,11,32,32,32,32,32,32,9,9,,269,1490,335,1825,490925
ARCHITECTURE,PARTITIONS & DOORS,PARTITIONS,Balustrades and Screens,SD2-100: 900mm high steel handrail including enamel paint [stair],M,0,27,36,12,12,12,12,12,12,12,66,30,30,,273,730,135,865,236145
ARCHITECTURE,PARTITIONS & DOORS,PARTITIONS,Balustrades and Screens,SD2-205: 1100mm high steel balustrade including enamel paint   (100x50x3.2Rail/FB100x9 Column),M,0,0,0,146,85,0,0,0,0,0,0,0,0,,231,3310,555,3865,892815
ARCHITECTURE,PARTITIONS & DOORS,PARTITIONS,Additional Items,Stud & Lintel - 70mm thick Thai brick,M,0,9,16.5,21,7.5,6.75,5.25,6,6.75,5.25,11.25,0,0,,95.25,170,90,260,24765
ARCHITECTURE,PARTITIONS & DOORS,PARTITIONS,Additional Items,Stud & Lintel - 140mm thick Thai brick,M,0,164.25,42.75,43.5,22.5,26.25,21,22.5,26.25,21,199.5,56.25,59.25,,705,385,105,490,345450
ARCHITECTURE,PARTITIONS & DOORS,PARTITIONS,Additional Items,Stud & Lintel - 140mm thick concrete block,M,0,48.75,24,10.5,3.75,2.25,1.5,1.5,2.25,1.5,36,178.5,55.5,,366,385,105,490,179340
ARCHITECTURE,PARTITIONS & DOORS,PARTITIONS,Additional Items,Stud & Lintel - 70mm thick concrete block,M,0,761.25,1212,158.25,110.25,75,60,64.5,75,60,252.75,478.5,210,,3517.5,170,90,260,914550
ARCHITECTURE,PARTITIONS & DOORS,PARTITIONS,Additional Items,900mm high steel handrail including enamel paint             (บันได 5)SD2-107,M,0,7,0,0,0,0,0,0,0,0,0,0,0,,7,1490,335,1825,12775
ARCHITECTURE,PARTITIONS & DOORS,PARTITIONS,Additional Items,900mm high steel handrail including enamel paint             (บันได 6)SD2-107,M,0,0,0,0,0,0,0,0,0,0,12,0,0,,12,1490,335,1825,21900
ARCHITECTURE,PARTITIONS & DOORS,PARTITIONS,Additional Items,900mm high steel handrail including enamel paint                (บันได 8)SD2-107,M,0,0,0,0,0,0,0,0,0,0,0,3,0,,3,1490,335,1825,5475
ARCHITECTURE,PARTITIONS & DOORS,INTERIOR DOORS & WINDOWS,Interior Doors,"SD1: 1.00m wide x 2.05m high steel door with glass view including steel frame, single leaf, 2HR fire rated.",NO.,0,2,1,2,2,0,0,0,0,0,0,5,0,,12,12245,3020,15265,183180
ARCHITECTURE,PARTITIONS & DOORS,INTERIOR DOORS & WINDOWS,Interior Doors,"SD2: 1.00m wide x 2.05m high steel door including steel frame, single leaf.",NO.,0,6,0,0,0,0,0,0,0,0,0,1,0,,7,11080,3020,14100,98700
ARCHITECTURE,PARTITIONS & DOORS,INTERIOR DOORS & WINDOWS,Interior Doors,"SD3: 1.50m wide x 2.05m high steel door including steel frame, double leaves.",NO.,0,2,0,0,0,0,0,0,0,0,0,1,0,,3,17490,4170,21660,64980
ARCHITECTURE,PARTITIONS & DOORS,INTERIOR DOORS & WINDOWS,Interior Doors,"SD4: 1.50m wide x 2.05m high steel door with glass view including steel frame, double leaves.",NO.,0,2,0,1,1,0,0,0,0,0,0,1,0,,5,1870,4170,6040,30200
ARCHITECTURE,PARTITIONS & DOORS,INTERIOR DOORS & WINDOWS,Interior Doors,"SD5: 0.80m wide x 2.05m high steel door with louver including steel frame, single leaf.",NO.,0,0,0,2,0,0,0,0,0,0,0,0,0,,2,15745,3020,18765,37530
ARCHITECTURE,PARTITIONS & DOORS,INTERIOR DOORS & WINDOWS,Interior Doors,"SD6: 1.50m wide x 2.05m high steel door including steel frame, double leaves. 1HR fire rated.",NO.,0,0,0,0,0,0,0,0,0,0,0,3,0,,3,17490,4170,21660,64980
ARCHITECTURE,PARTITIONS & DOORS,INTERIOR DOORS & WINDOWS,Interior Doors,"SH1: 2.00m wide x 2.05m high roller shutter door, manual operation.",NO.,0,2,0,0,0,0,0,0,0,0,0,0,0,,2,12830,4315,17145,34290
ARCHITECTURE,PARTITIONS & DOORS,INTERIOR DOORS & WINDOWS,Interior Doors,"SF1: 2.95m wide x 1.80m high steel door including steel farme, 2 x double leaves.",NO.,0,1,1,2,1,0,0,0,0,0,0,1,0,,6,34980,5750,40730,244380
ARCHITECTURE,PARTITIONS & DOORS,INTERIOR DOORS & WINDOWS,Interior Doors,"SF2: 0.70m wide x 1.80m high steel door including steel farme, single leaf.",NO.,0,0,2,2,0,0,0,0,0,0,0,0,0,,4,8400,3020,11420,45680
ARCHITECTURE,PARTITIONS & DOORS,INTERIOR DOORS & WINDOWS,Interior Doors,"SF3: 2.25m wide x 1.80m high steel door including steel farme, single + double leaves.",NO.,0,0,0,0,0,0,0,0,0,0,0,1,0,,1,27405,720,28125,28125
ARCHITECTURE,PARTITIONS & DOORS,INTERIOR DOORS & WINDOWS,Interior Doors,"SF4: 1.20m wide x 1.80m high steel door including steel farme, double leaves.",NO.,0,0,0,0,0,0,0,0,0,0,0,0,0,,0,14345,4170,18515,0
ARCHITECTURE,PARTITIONS & DOORS,INTERIOR DOORS & WINDOWS,Interior Doors,"SF5: 4.40m wide x 1.80m high steel door including steel farme, 3 x double leaves.",NO.,0,0,0,0,0,0,0,0,0,0,0,1,0,,1,52355,4170,56525,56525
ARCHITECTURE,PARTITIONS & DOORS,INTERIOR DOORS & WINDOWS,Interior Doors,"SF6: 2.87m wide x 1.80m high steel door including steel farme, 2 x double leaves.",NO.,0,0,0,0,0,0,0,0,0,0,0,0,0,,0,34515,8340,42855,0
ARCHITECTURE,PARTITIONS & DOORS,INTERIOR DOORS & WINDOWS,Interior Doors,"SF7: 0.70m wide x 0.90m high steel door including steel farme, single leaf.",NO.,0,0,0,0,0,0,0,0,0,0,0,0,0,,0,6065,3020,9085,0
ARCHITECTURE,PARTITIONS & DOORS,INTERIOR DOORS & WINDOWS,Interior Doors,"SF8: 0.70m wide x 1.00m high steel door including steel farme, single leaf.",NO.,0,0,0,0,0,0,0,0,0,0,0,0,0,,0,6065,3020,9085,0
ARCHITECTURE,PARTITIONS & DOORS,INTERIOR DOORS & WINDOWS,Interior Doors,"SF9: 0.70m wide x 1.10m high steel door including steel farme, single leaf.",NO.,0,0,0,0,0,0,0,0,0,0,0,0,0,,0,6065,3020,9085,0
ARCHITECTURE,PARTITIONS & DOORS,INTERIOR DOORS & WINDOWS,Interior Doors,"SF10: 0.70m wide x 1.20m high steel door including steel farme, single leaf.",NO.,0,0,0,0,0,0,0,0,0,0,0,0,0,,0,6065,3020,9085,0
ARCHITECTURE,PARTITIONS & DOORS,INTERIOR DOORS & WINDOWS,Interior Doors,AD1: Automatic sliding door,NO.,0,2,0,0,0,0,0,0,0,0,0,0,0,,2,0,0,0,0
ARCHITECTURE,PARTITIONS & DOORS,INTERIOR DOORS & WINDOWS,Interior Doors,"AD2: 5.40m wide x 2.40m high glass door, frame less, double leaves.",NO.,0,1,0,0,0,0,0,0,0,0,0,0,0,,1,0,,0,0
ARCHITECTURE,PARTITIONS & DOORS,INTERIOR DOORS & WINDOWS,Interior Doors,"AD3: 1.67m wide x 2.40m high glass door, frame less, double sliding.",NO.,0,0,0,0,0,0,0,0,0,0,0,2,0,,2,0,,0,0
ARCHITECTURE,PARTITIONS & DOORS,INTERIOR DOORS & WINDOWS,Interior Doors,"AD4: 5.40m wide x 2.40m high glass door, aluminum frame, double leaves.",NO.,0,,,,,,,,,,,,,,0,0,,0,0
ARCHITECTURE,PARTITIONS & DOORS,INTERIOR DOORS & WINDOWS,Interior Doors,"AD5: 1.50m wide x (2.40m O + 0.60m F) high glass door, frame less, double leaves.",NO.,0,0,0,0,0,0,0,0,0,0,0,0,0,,0,0,,0,0
ARCHITECTURE,PARTITIONS & DOORS,INTERIOR DOORS & WINDOWS,Interior Doors,"AD6: 1.50m wide x 2.70m high glass door, aluminum frame, double leaves.",NO.,0,0,0,0,0,0,0,0,0,0,0,0,0,,0,0,,0,0
ARCHITECTURE,PARTITIONS & DOORS,INTERIOR DOORS & WINDOWS,Interior Doors,AD7: Revolving door,NO.,0,1,0,0,0,0,0,0,0,0,0,0,0,,1,0,0,0,0
ARCHITECTURE,PARTITIONS & DOORS,INTERIOR DOORS & WINDOWS,Interior Door Hardwares,SET 01,SET,0,2,1,2,2,0,0,0,0,0,0,5,0,,12,14695,1150,15845,190140
ARCHITECTURE,PARTITIONS & DOORS,INTERIOR DOORS & WINDOWS,Interior Door Hardwares,SET 02,SET,0,6,0,0,0,0,0,0,0,0,0,1,0,,7,9465,1225,10690,74830
ARCHITECTURE,PARTITIONS & DOORS,INTERIOR DOORS & WINDOWS,Interior Door Hardwares,SET 03,SET,0,2,0,0,0,0,0,0,0,0,0,1,0,,3,16475,2160,18635,55905
ARCHITECTURE,PARTITIONS & DOORS,INTERIOR DOORS & WINDOWS,Interior Door Hardwares,SET 04,SET,0,2,0,1,1,0,0,0,0,0,0,1,0,,5,16475,2160,18635,93175
ARCHITECTURE,PARTITIONS & DOORS,INTERIOR DOORS & WINDOWS,Interior Door Hardwares,SET 05,SET,0,0,0,2,0,0,0,0,0,0,0,0,0,,2,7235,1225,8460,16920
ARCHITECTURE,PARTITIONS & DOORS,INTERIOR DOORS & WINDOWS,Interior Door Hardwares,SET 06,SET,0,0,0,0,0,0,0,0,0,0,0,3,0,,3,9465,1225,10690,32070
ARCHITECTURE,PARTITIONS & DOORS,INTERIOR DOORS & WINDOWS,Interior Door Hardwares,SET 07,SET,0,0,0,0,0,0,0,0,0,0,0,0,0,,0,11245,1440,12685,0
ARCHITECTURE,PARTITIONS & DOORS,INTERIOR DOORS & WINDOWS,Interior Door Hardwares,SET 08,SET,0,0,0,0,0,0,0,0,0,0,0,0,0,,0,19145,2875,22020,0
ARCHITECTURE,PARTITIONS & DOORS,INTERIOR DOORS & WINDOWS,Interior Door Hardwares,SET 09,SET,0,0,0,0,0,0,0,0,0,0,0,0,0,,0,19145,2875,22020,0
ARCHITECTURE,PARTITIONS & DOORS,INTERIOR DOORS & WINDOWS,Interior Door Hardwares,SET 10,SET,0,0,0,0,0,0,0,0,0,0,0,0,0,,0,11245,1440,12685,0
ARCHITECTURE,PARTITIONS & DOORS,INTERIOR DOORS & WINDOWS,Interior Door Hardwares,SET 11,SET,0,0,0,0,0,0,0,0,0,0,0,0,0,,0,19145,2875,22020,0
ARCHITECTURE,PARTITIONS & DOORS,INTERIOR DOORS & WINDOWS,Interior Door Hardwares,SET 12,SET,0,1,1,2,1,0,0,0,0,0,0,1,0,,6,4230,1295,5525,33150
ARCHITECTURE,PARTITIONS & DOORS,INTERIOR DOORS & WINDOWS,Interior Door Hardwares,SET 13,SET,0,0,2,2,0,0,0,0,0,0,0,0,0,,4,1670,435,2105,8420
ARCHITECTURE,PARTITIONS & DOORS,INTERIOR DOORS & WINDOWS,Interior Door Hardwares,SET 14,SET,0,0,0,0,0,0,0,0,0,0,0,1,0,,1,3785,1150,4935,4935
ARCHITECTURE,PARTITIONS & DOORS,INTERIOR DOORS & WINDOWS,Interior Door Hardwares,SET 15,SET,0,0,0,0,0,0,0,0,0,0,0,0,0,,0,2115,720,2835,0
ARCHITECTURE,PARTITIONS & DOORS,INTERIOR DOORS & WINDOWS,Interior Door Hardwares,SET 16,SET,0,0,0,0,0,0,0,0,0,0,0,1,0,,1,6345,2160,8505,8505
ARCHITECTURE,PARTITIONS & DOORS,INTERIOR DOORS & WINDOWS,Interior Door Hardwares,SET 17,SET,0,0,0,0,0,0,0,0,0,0,0,0,0,,0,4230,1440,5670,0
ARCHITECTURE,PARTITIONS & DOORS,INTERIOR DOORS & WINDOWS,Interior Door Hardwares,SET 17 (AD1),SET,0,2,0,0,0,0,0,0,0,0,0,0,0,,2,0,0,0,0
ARCHITECTURE,PARTITIONS & DOORS,INTERIOR DOORS & WINDOWS,Interior Door Hardwares,SET 17 (AD2),SET,0,1,0,0,0,0,0,0,0,0,0,0,0,,1,0,,0,0
ARCHITECTURE,PARTITIONS & DOORS,INTERIOR DOORS & WINDOWS,Interior Door Hardwares,SET 17 (AD3),SET,0,0,0,0,0,0,0,0,0,0,0,2,0,,2,0,,0,0
ARCHITECTURE,PARTITIONS & DOORS,INTERIOR DOORS & WINDOWS,Additional Items,G1,NO.,0,0,0,0,0,0,0,0,0,0,0,3,0,,3,0,,0,0
ARCHITECTURE,PARTITIONS & DOORS,INTERIOR DOORS & WINDOWS,Additional Items,G2,NO.,0,0,0,0,0,0,0,0,0,0,0,16,0,,16,0,,0,0
ARCHITECTURE,PARTITIONS & DOORS,INTERIOR DOORS & WINDOWS,Additional Items,G3,NO.,0,0,0,7,7,7,5,7,7,7,5,0,0,,52,0,,0,0
ARCHITECTURE,PARTITIONS & DOORS,INTERIOR DOORS & WINDOWS,Additional Items,ID1,NO.,0,2,0,0,0,0,0,0,0,0,0,0,0,,2,0,,0,0
ARCHITECTURE,PARTITIONS & DOORS,INTERIOR DOORS & WINDOWS,Additional Items,ID2,NO.,0,1,0,0,0,0,0,0,0,0,0,0,0,,1,0,,0,0
ARCHITECTURE,PARTITIONS & DOORS,INTERIOR DOORS & WINDOWS,Additional Items,ID3,NO.,0,1,0,0,0,0,0,0,0,0,0,0,0,,1,0,,0,0
ARCHITECTURE,PARTITIONS & DOORS,INTERIOR DOORS & WINDOWS,Additional Items,ID4,NO.,0,0,0,0,0,0,0,0,0,0,0,0,0,,0,0,,0,0
ARCHITECTURE,PARTITIONS & DOORS,INTERIOR DOORS & WINDOWS,Additional Items,ID5,NO.,0,0,0,0,0,0,0,0,0,0,0,0,0,,0,0,,0,0
ARCHITECTURE,PARTITIONS & DOORS,INTERIOR DOORS & WINDOWS,Additional Items,ID6,NO.,0,1,0,0,0,0,0,0,0,0,0,0,0,,1,0,,0,0
ARCHITECTURE,PARTITIONS & DOORS,INTERIOR DOORS & WINDOWS,Additional Items,ID7,NO.,0,0,0,0,0,0,0,0,0,0,0,0,0,,0,0,,0,0
ARCHITECTURE,FINISHES,WALL FINISHES,Wall Preparation,"Waterproof coating, cement coating.",M2,0,0,0,0,0,0,0,0,0,0,0,0,0,,0,135,45,180,0
ARCHITECTURE,FINISHES,WALL FINISHES,Wall Preparation,"Waterproof coating, crystallization (Radcon #7). (P4)",M2,507,0,0,0,0,0,0,0,0,0,0,0,0,,507,210,45,255,129285
ARCHITECTURE,FINISHES,WALL FINISHES,Wall Preparation,"Waterproof coating, liquid membrane. (Pump Room, Garbage)",M2,204,208,0,0,0,0,0,0,0,0,0,0,0,,412,210,45,255,105060
ARCHITECTURE,FINISHES,WALL FINISHES,Wall Preparation,"Waterproof coating, sheet membrane.",M2,0,0,0,0,0,0,0,0,0,0,0,0,0,,0,0,0,0,0
ARCHITECTURE,FINISHES,WALL FINISHES,Wall Finishes,"Sand cement render. (P5 , P6)",M2,0,728,994,262,177,181,146,156,181,146,833,1142,136,,5082,75,175,250,1270500
ARCHITECTURE,FINISHES,WALL FINISHES,Wall Finishes,"Internal paint, acrylic. (P5)",M2,316,561,286,80,80,85,69,74,85,69,703,1022,136,,3566,85,55,140,499240
ARCHITECTURE,FINISHES,WALL FINISHES,Wall Finishes,P2: Acrylic paint to internal wall.,M2,0,578,1073,997,1124,697,557,598,697,557,1314,0,0,,8192,85,55,140,1146880
ARCHITECTURE,FINISHES,WALL FINISHES,Wall Finishes,P4/P7: 100x100mm glazed ceramic tile including sand cement backing (waterproof is measured elsewhere) ( FT GEN WHITE),M2,507,0,0,0,0,0,0,0,0,0,0,0,0,,507,235,765,1000,507000
ARCHITECTURE,FINISHES,WALL FINISHES,Wall Finishes,P8: 20mm thick granite tile including sand cment backing.(ดำแอฟริกา) Wet Process,M2,0,0,0,0,0,0,0,0,0,0,0,0,0,,0,4620,720,5340,0
ARCHITECTURE,FINISHES,WALL FINISHES,Wall Finishes,P9/P10/P20: 20mm thick granite tile including sand cment backing.(ดำแอฟริกา) Wet Process,M2,0,0,0,0,0,0,0,0,0,0,0,0,0,,0,4620,720,5340,0
ARCHITECTURE,FINISHES,WALL FINISHES,Wall Finishes,"P11/P18: 30mm thick granite tile, dry process installation.",M2,0,0,0,0,0,0,0,0,0,0,0,0,0,,0,0,0,0,0
ARCHITECTURE,FINISHES,WALL FINISHES,Wall Finishes,"P12: 30mm thick granite tile, dry process installation.",M2,0,0,0,0,0,0,0,0,0,0,0,0,0,,0,0,0,0,0
ARCHITECTURE,FINISHES,WALL FINISHES,Wall Finishes,P16: 300x600mm thick homogeneous tile including sand cement backing.(GT THE TOUCHBONE R/T 24x24)เลิกผลิตเสนอ GP HIDEAWAY BONE R/T,M2,0,0,0,0,0,0,0,0,0,0,0,0,0,,0,0,0,0,0
ARCHITECTURE,FINISHES,WALL FINISHES,Wall Finishes,P17/P17a: Cotto ceramic tile including sand cement backing (GP HIDEAWAY BONE R/T),M2,0,187,83,31,0,0,0,0,0,0,0,72,0,,373,620,765,1385,516605
ARCHITECTURE,FINISHES,WALL FINISHES,Wall Bases (Skirt),SK2: Paint finish,M,0,0,0,0,0,0,0,0,0,0,0,0,0,,0,0,0,0,0
ARCHITECTURE,FINISHES,WALL FINISHES,Wall Bases (Skirt),"SK3: 20mm high waterproof render, cement base.",M,0,0,0,0,0,0,0,0,0,0,0,0,0,,0,0,0,0,0
ARCHITECTURE,FINISHES,WALL FINISHES,Wall Bases (Skirt),SK4: 100mm high ceramic tile.,M,0,81,0,33,9,0,0,0,0,0,0,12,0,,135,140,115,255,34425
ARCHITECTURE,FINISHES,WALL FINISHES,Wall Bases (Skirt),SK5: 100mm high x 20mm thick hardwood skirt.,M,0,0,0,0,0,0,0,0,0,0,0,0,0,,0,0,0,0,0
ARCHITECTURE,FINISHES,WALL FINISHES,Wall Bases (Skirt),SK6: 100mm high x 20mm thick granite skirt.,M,0,0,0,0,0,0,0,0,0,0,0,0,0,,0,925,720,1645,0
ARCHITECTURE,FINISHES,WALL FINISHES,Wall Bases (Skirt),SK7: 100mm high x 20mm thick compressed stone skirt.,M,0,0,0,0,0,0,0,0,0,0,0,0,0,,0,0,0,0,0
ARCHITECTURE,FINISHES,WALL FINISHES,Wall Bases (Skirt),SK9: 100mm high sand cement render with steel-trowelled finish.,M,0,13,28,13,13,14,14,14,14,14,14,15,0,,166,15,60,75,12450
ARCHITECTURE,FINISHES,WALL FINISHES,Wall Bases (Skirt),"SK10: 100mm high epoxy, solvent free, paint skirt.",M,65,57,0,0,0,0,0,0,0,0,70,121,50,,363,205,135,340,123420
ARCHITECTURE,FINISHES,WALL FINISHES,Wall Bases (Skirt),SK12: 100mm high matte enamel paint.,M,0,60,160,313,201,0,0,0,0,0,0,0,0,,734,35,25,60,44040
ARCHITECTURE,FINISHES,WALL FINISHES,Wall Bases (Skirt),SK13: 100mm high vinyl skirt.,M,0,28,63,19,19,20,20,20,20,20,100,38,0,,367,40,30,70,25690
ARCHITECTURE,FINISHES,WALL FINISHES,Wall Bases (Skirt),SK14: 100mm high homogeneous tile.,M,0,0,0,16,18,0,0,0,0,0,0,0,0,,34,190,115,305,10370
ARCHITECTURE,FINISHES,WALL FINISHES,Wall & Column Protection,"1000mm high corner guard, Thermoplastic as detail SD2-204.",NO.,0,0,2,28,27,0,0,0,0,0,0,0,,,57,2335,435,2770,157890
ARCHITECTURE,FINISHES,WALL FINISHES,Wall & Column Protection,6750mm high syntetic rubber bumper guardr as detail SD2-211,M,0,22,0,0,0,0,0,0,0,0,0,0,,,22,3735,1440,5175,113850
ARCHITECTURE,FINISHES,WALL FINISHES,Wall & Column Protection,225mm high Syntetic rubber wall protection rail as setail SD2-210.,M,0,6,0,0,0,0,0,0,0,0,0,0,,,6,2220,720,2940,17640
ARCHITECTURE,FINISHES,WALL FINISHES,Additional Items,Aluminium Composit Clading (Drawing No. LD1-133 REV.A),M2,0,220,411,26,26,25,20,21,25,20,36,39,0,,869,0,,0,0
ARCHITECTURE,FINISHES,WALL FINISHES,Additional Items,Bronze Metal Clading (Drawing No. LD1-201 REV.A),M2,0,300,0,0,0,0,0,0,0,0,0,0,0,,300,0,,0,0
ARCHITECTURE,FINISHES,WALL FINISHES,Additional Items,Aluminium Composit Panel (Drawing No. LD1-117 REV.A),M2,0,0,0,0,0,0,0,0,0,0,0,0,0,,0,0,,0,0
ARCHITECTURE,FINISHES,WALL FINISHES,Additional Items,Aluminium Composit Spandrel (Drawing No. LD1-201 REV.A),M,0,0,0,0,0,0,0,0,0,0,0,0,0,,0,0,,0,0
ARCHITECTURE,FINISHES,FLOOR FINISHES,Floor Preparation,F6: 50mm thick sand cement screed.,M2,0,345,0,0,0,0,0,0,0,0,0,0,0,,345,170,85,255,87975
ARCHITECTURE,FINISHES,FLOOR FINISHES,Floor Preparation,F7/8/11: 35mm thick sand cement screed for non finished flooring.,M2,0,1478,461,0,0,0,0,0,0,0,0,0,883,,2822,120,85,205,578510
ARCHITECTURE,FINISHES,FLOOR FINISHES,Floor Preparation,"F20: Raised floor, high pressure laminate including damp proof.",M2,0,0,0,0,0,0,0,0,0,0,0,0,0,,0,0,0,0,0
ARCHITECTURE,FINISHES,FLOOR FINISHES,Concrete Sealer,"Waterproof coating, cement coating.",M2,0,557,0,25,8,0,0,0,0,0,0,554,0,,1144,135,45,180,205920
ARCHITECTURE,FINISHES,FLOOR FINISHES,Concrete Sealer,"Waterproof coating, crystallization (Radcon #7).",M2,0,0,0,0,0,0,0,0,0,0,0,0,0,,0,210,45,255,0
ARCHITECTURE,FINISHES,FLOOR FINISHES,Concrete Sealer,"Waterproof coating, liquid membrane.",M2,0,0,0,0,0,0,0,0,0,0,0,0,0,,0,0,0,0,0
ARCHITECTURE,FINISHES,FLOOR FINISHES,Concrete Sealer,"Waterproof coating, sheet membrane.",M2,0,0,0,0,0,0,0,0,0,0,0,0,0,,0,0,0,0,0
ARCHITECTURE,FINISHES,FLOOR FINISHES,Concrete Sealer,F2: Non metalic floor hardener to RC. slab.(Sika สีเทา 5kg/m2),M2,0,44,135,1469,1032,0,0,0,0,0,0,0,0,,2680,60,110,170,455600
ARCHITECTURE,FINISHES,FLOOR FINISHES,Concrete Sealer,F3: Ribbed with Non metalic floor hardener to RC. slab.(Sika สีเทา 5kg/m2)/Groove,M2,0,0,387,228,62,0,0,0,0,0,0,0,0,,677,175,430,605,409585
ARCHITECTURE,FINISHES,FLOOR FINISHES,Concrete Sealer,"F16: 3mm thick epoxy coating, self leveling.",M2,0,0,0,0,0,0,0,0,0,0,0,0,0,,0,0,0,0,0
ARCHITECTURE,FINISHES,FLOOR FINISHES,Concrete Sealer,F17: 1mm thick epoxy coating including sand cement screed.,M2,0,70,0,0,0,0,0,0,0,0,327,299,0,,696,510,175,685,476760
ARCHITECTURE,FINISHES,FLOOR FINISHES,Concrete Sealer,F18: 1mm thick epoxy coating including sand cement screed. (waterprrofing is measured elsewhere),M2,0,122,0,0,0,0,0,0,0,0,0,543,0,,665,510,175,685,455525
ARCHITECTURE,FINISHES,FLOOR FINISHES,Concrete Sealer,F19:300x300x3mm thick vinyl tile including sand cement screed.(Armstong Excel 2.4mm.),M2,0,0,0,0,0,0,0,0,0,0,0,128,0,,128,510,145,655,83840
ARCHITECTURE,FINISHES,FLOOR FINISHES,Flooring,F12: Heavy duty carpet tile including ecosoft@ backing.,M2,0,0,0,0,0,0,0,0,0,0,0,0,0,,0,0,0,0,0
ARCHITECTURE,FINISHES,FLOOR FINISHES,Flooring,"F13: 500x500x50mm thick precast tile on 50mm thick, 32kg/cu.m. polyestyrene insulation including sand cement screed [SD1-500 to SD1-503].",M2,0,0,0,0,0,0,0,0,0,0,0,0,0,,0,0,0,0,0
ARCHITECTURE,FINISHES,FLOOR FINISHES,Flooring,F14: 300x300mm Non-slip ceramic tile including sand cement screed.( Balza chalk Grip R11 400x800mm.),M2,0,90,0,25,8,0,0,0,0,0,0,11,0,,134,1810,605,2415,323610
ARCHITECTURE,FINISHES,FLOOR FINISHES,Flooring,F15: 600x600mm Homogeneous tile including sand cement screed. (GT HIDEWAY R/T ),M2,0,4,5,33,33,5,5,5,5,5,5,0,0,,105,630,605,1235,129675
ARCHITECTURE,FINISHES,FLOOR FINISHES,Flooring,"F21/22: 750x900x20mm thick granite tile, polished finish, including sand cement screed.",M2,0,0,0,0,0,0,0,0,0,0,0,0,0,,0,0,0,0,0
ARCHITECTURE,FINISHES,FLOOR FINISHES,Flooring,F23: 230x910x2.5mm thick vinyl tile including sand cement screed.,M2,0,0,0,0,0,0,0,0,0,0,0,0,0,,0,0,0,0,0
ARCHITECTURE,FINISHES,FLOOR FINISHES,Flooring,F24: Vinyl tile flooring,M2,0,0,0,0,0,0,0,0,0,0,0,0,0,,0,0,0,0,0
ARCHITECTURE,FINISHES,FLOOR FINISHES,Flooring,"C/S Pedigrid recessed mat, refer to SD1-101",M2,0,44,0,0,0,0,0,0,0,0,0,0,0,,44,13995,1440,15435,679140
ARCHITECTURE,FINISHES,FLOOR FINISHES,Traffic Line Marking,"100mm wide traffic line, thermoplastic paint.",M,0,0,0,285,264,0,0,0,0,0,0,0,0,,549,35,0,35,19215
ARCHITECTURE,FINISHES,FLOOR FINISHES,Traffic Line Marking,"3600m high directional arrow, thermoplastic paint.",NO.,0,0,8,14,6,0,0,0,0,0,0,0,0,,28,555,0,555,15540
ARCHITECTURE,FINISHES,FLOOR FINISHES,Traffic Line Marking,1000x1000mm wide Handicap parking sign,NO.,0,3,0,7,2,0,0,0,0,0,0,0,0,,12,1655,0,1655,19860
ARCHITECTURE,FINISHES,FLOOR FINISHES,Additional Items,SD-203/208 100mm high x 650mm long PP wheel stopper.,NO.,0,0,0,52,52,0,0,0,0,0,0,0,0,,104,1870,720,2590,269360
ARCHITECTURE,FINISHES,FLOOR FINISHES,Additional Items,F1:No finish,M2,0,0,0,0,0,1701,1706,1706,1706,1706,1313,0,0,,9838,0,35,35,344330
ARCHITECTURE,FINISHES,FLOOR FINISHES,Additional Items,F4:50 mm.sand-cement screed with steel-trowelled finish 25 mm.thk. On half landings and stair treads. All stair treeds to have non-slip metal noising,M2,0,11,0,0,0,0,0,0,0,0,0,0,0,,11,185,85,270,2970
ARCHITECTURE,FINISHES,FLOOR FINISHES,Additional Items,F5:300x300x3 mm.thk.non-asbestos vinyl tiles on sand-cement screed ( 50 mm.overall) On half landings and stair treads. All stair treeds to have non-slip metal noising,M2,0,29,0,0,0,0,0,0,0,0,0,0,0,,29,540,190,730,21170
ARCHITECTURE,FINISHES,FLOOR FINISHES,Additional Items,F9:35 mm.thk. Sand/cement screed to receive finish by orther ( 50 mm. overall ),M2,0,0,0,0,0,0,0,0,0,0,0,0,0,,0,0,0,0,0
ARCHITECTURE,FINISHES,FLOOR FINISHES,Additional Items,F10:By fitting-out contractor ( No main contractor finish ),M2,0,0,0,0,0,0,0,0,0,0,0,0,0,,0,0,0,0,0
ARCHITECTURE,FINISHES,FLOOR FINISHES,Additional Items,Floor depress at loading area and parking,M,0,0,0,56,33,0,0,0,0,0,0,0,0,,89,295,145,440,39160
ARCHITECTURE,FINISHES,FLOOR FINISHES,Additional Items,ROAD MARKING PAINT AS SPECIFIED BY MC ( SD2-208 ),NO.,0,0,0,27,26,0,0,0,0,0,0,0,0,,53,595,0,595,31535
ARCHITECTURE,FINISHES,CEILING FINISHES,Ceiling Finishes,Making good to soffit of slab. (แต่งผิวท้องพื้น).,M2,0,81,0,0,0,0,0,0,0,0,0,0,0,,81,25,75,100,8100
ARCHITECTURE,FINISHES,CEILING FINISHES,Ceiling Finishes,C2: Acrylic paint to exposed ceiling.,M2,0,81,0,0,0,0,0,0,0,0,0,0,0,,81,85,55,140,11340
ARCHITECTURE,FINISHES,CEILING FINISHES,Ceiling Finishes,C5: Sand cement plaster with paint to soffit of slab.,M2,0,40,0,0,0,0,0,0,0,0,0,0,0,,40,120,175,295,11800
ARCHITECTURE,FINISHES,CEILING FINISHES,Ceiling Finishes,"C6: 9mm thick moisture resistant gypsum board including suspension frame, jointless.",M2,0,90,0,8,8,0,0,0,0,0,0,11,0,,117,280,130,410,47970
ARCHITECTURE,FINISHES,CEILING FINISHES,Ceiling Finishes,"C7: 9mm thick gypsum board including suspension frame, jointless.",M2,0,0,0,0,0,0,0,0,0,0,0,0,0,,0,260,140,400,0
ARCHITECTURE,FINISHES,CEILING FINISHES,Ceiling Finishes,C9: Acoustic lining to ME& room as detail SD4-307,M2,0,195,5,5,5,5,5,5,5,5,332,842,0,,1409,0,,0,0
ARCHITECTURE,FINISHES,CEILING FINISHES,Ceiling Finishes,C10: Expose concrete(มีงานตกแต่งโดย ID เปลือยไม้แบบ ไม่ต้องทำอะไร),M2,0,1364,982,1725,1121,1701,1706,1706,1706,1706,1313,872,139,,16041,0,0,0,0
ARCHITECTURE,FINISHES,CEILING FINISHES,Ceiling Finishes,C11: 16mm thick Acoustic mineral fiber tile on T-Bar frame,M2,0,0,0,0,0,0,0,0,0,0,0,0,0,,0,480,155,635,0
ARCHITECTURE,FINISHES,CEILING FINISHES,Ceiling Finishes,C12: Power coated metal tile.,M2,0,0,0,0,0,0,0,0,0,0,0,0,0,,0,0,0,0,0
ARCHITECTURE,FINISHES,CEILING FINISHES,Ceiling Finishes,"C13: Granite tile, dry fixed process",M2,0,0,0,0,0,0,0,0,0,0,0,0,0,,0,0,0,0,0
ARCHITECTURE,FINISHES,CEILING FINISHES,Additional Items,Acrylic paint to ceiling.(Plaster &Gypsum board),M2,,130,0,8,8,0,0,0,0,0,0,11,0,,157,85,55,140,21980
ARCHITECTURE,FINISHES,CEILING FINISHES,Additional Items,"Waterproof coating, crystallization (Radcon #7).",M2,0,345,0,0,0,0,0,0,0,0,0,0,0,,345,210,45,255,87975
ARCHITECTURE,FINISHES,CEILING FINISHES,Additional Items,C1:Suspended mineral fiber acoustic tile as show in general specification,M2,0,0,0,0,0,0,0,0,0,0,0,0,0,,0,0,0,0,0
ARCHITECTURE,FINISHES,CEILING FINISHES,Additional Items,C3:Waterproof concrete system to off-form concrete (Radcon#7),M2,0,0,0,0,0,0,0,0,0,0,0,0,0,,0,0,0,0,0
ARCHITECTURE,FINISHES,CEILING FINISHES,Additional Items,C4:Waterproof concrete system applied finish in watertanks and STP tanks manufacturer's instructions and recommendation  in water and STP tanks - Radcon,M2,0,345,0,0,0,0,0,0,0,0,0,0,0,,345,210,45,255,87975
ARCHITECTURE,FINISHES,CEILING FINISHES,Additional Items,C8:Featured gypsum board and plaster ceiling to detail.,M2,0,0,0,0,0,0,0,0,0,0,0,0,0,,0,0,0,0,0
ARCHITECTURE,FINISHES,CEILING FINISHES,Additional Items,C8A:Featured moisture resistant gypsum board and plaster ceiling to detail.,M2,0,0,0,0,0,0,0,0,0,0,0,0,0,,0,0,0,0,0
ARCHITECTURE,FINISHES,CEILING FINISHES,Additional Items,C14:Suspended ceiling by fitting-out contractor (no base finish is required).,M2,0,0,0,0,0,0,0,0,0,0,0,0,0,,0,0,0,0,0
ARCHITECTURE,FINISHES,CEILING FINISHES,Additional Items,C15:Suspended powder coated metal tiles to detail Fame Line T-grid system to detail.,M2,0,0,0,0,0,0,0,0,0,0,0,0,0,,0,0,0,0,0
ARCHITECTURE,FINISHES,CEILING FINISHES,Additional Items,C16:5 mm.thk.skim coated gypsum compound with paint finish to spec.,M2,0,0,0,0,0,0,0,0,0,0,0,0,0,,0,0,0,0,0
ARCHITECTURE,FINISHES,CEILING FINISHES,Additional Items,C17:Suspended 15 mm.thk.moisture resistant gypsum board ceiling tiles on 600x1200 mm.Powder coated T-bar grid.,M2,0,0,0,17,0,0,0,0,0,0,0,0,0,,17,560,130,690,11730
ARCHITECTURE,FINISHES,CEILING FINISHES,Additional Items,"C18:Suspended metal ceiling system,Fame Line linear grid acoustic performance panel,(Fame line LG2000-LP200-S-W300-A-PFA-ACOUS).",M2,0,76,0,0,0,0,0,0,0,0,0,0,0,,76,2760,1105,3865,293740
ARCHITECTURE,FINISHES,CEILING FINISHES,Additional Items,C19:By fitting - out,M2,0,,,,,,,,,,,,,,0,0,0,0,0
ARCHITECTURE,FINISHES,CEILING FINISHES,Additional Items,"C20:12 mm.thk. Suspended moisture resistant gypsum board ceiling with tapered edges,tape and filled with paint finish to spec.",M2,0,0,0,0,0,0,0,0,0,0,0,0,0,,0,0,0,0,0
ARCHITECTURE,FINISHES,STAIR FINISHES,Landing Finishes,F4: Steel trowel including sand cement screed.,M2,0,19,45,7,7,7,7,7,7,7,7,10,10,,140,130,85,215,30100
ARCHITECTURE,FINISHES,STAIR FINISHES,Landing Finishes,F5: 300x300x2.5mm thick vinyl tile.,M2,0,45,38,13,15,15,15,15,15,15,15,18,18,,237,540,190,730,173010
ARCHITECTURE,FINISHES,STAIR FINISHES,Tread and Riser Finishes,F4: 250mm~300mm wide steel trowel tread including sand cement backing and metal nosing. (ลูกนอนขัดมันรวมทำจมูก),M,0,66,49,30,30,30,30,30,30,30,30,39,39,,433,100,110,210,90930
ARCHITECTURE,FINISHES,STAIR FINISHES,Tread and Riser Finishes,F4: 150mm~175mm high steel trowel riser including sand cement backing. (ลูกตั้งขัดมัน),M,0,74,58,34,34,34,34,34,34,34,34,44,44,,492,60,65,125,61500
ARCHITECTURE,FINISHES,STAIR FINISHES,Tread and Riser Finishes,F5: 250mm~300mm wide vinyl tile tread including sand cement backing and metal nosing. (ลูกนอนกระเบื้องยาง รวมทำจมูก),M,0,71,26,26,26,26,26,26,26,26,26,24,24,,353,190,180,370,130610
ARCHITECTURE,FINISHES,STAIR FINISHES,Tread and Riser Finishes,F5: 150mm~175mm high vinyl tile riser including sand cement backing. (ลูกตั้งปูกระเบื้องยาง),M,0,81,29,29,29,29,29,29,29,29,29,30,30,,402,95,110,205,82410
ARCHITECTURE,FINISHES,STAIR FINISHES,Soffit Finishes,Making good to soffit of slab (แต่งผิวท้องพื้น),M2,0,73,132,33,33,33,33,33,33,33,33,51,51,,571,25,75,100,57100
ARCHITECTURE,FINISHES,STAIR FINISHES,Soffit Finishes,Making good to side of slab (แต่งผิวขอบบันได),M2,0,10,3,3,3,3,3,3,3,3,3,3,3,,43,120,175,295,12685
ARCHITECTURE,FINISHES,STAIR FINISHES,Soffit Finishes,Acrylic paint to internal ceiling.,M2,0,0,122,0,0,0,0,0,0,0,70,0,,,192,85,55,140,26880
ARCHITECTURE,FINISHES,STAIR FINISHES,Additional Items,"F17: 1mm thick epoxy coating including sand cement screed. (ลูกนอนบันได 6, บันได 8)",M,0,0,0,0,0,0,0,0,0,0,29,8,0,,37,340,230,570,21090
ARCHITECTURE,FINISHES,STAIR FINISHES,Additional Items,"F17: 1mm thick epoxy coating including sand cement screed. (ลูกตั้งบันได 6, บันได 8)",M,0,0,0,0,0,0,0,0,0,0,30,9,0,,39,205,85,290,11310
ARCHITECTURE,FINISHES,STAIR FINISHES,Additional Items,F18: 1mm thick epoxy coating including sand cement screed. (waterprrofing is measured elsewhere) (ลูกนอนบันได 5),M,0,19,0,0,0,0,0,0,0,0,0,0,0,,19,340,230,570,10830
ARCHITECTURE,FINISHES,STAIR FINISHES,Additional Items,F18: 1mm thick epoxy coating including sand cement screed. (waterprrofing is measured elsewhere) (ลูกตั้งบันได 5),M,0,20,0,0,0,0,0,0,0,0,0,0,0,,20,205,85,290,5800
ARCHITECTURE,FINISHES,STAIR FINISHES,Additional Items,F19:300x300x3mm thick vinyl tile including sand cement screed. (ลูกนอนบันได 7),M,0,0,0,0,0,0,0,0,0,0,0,16,0,,16,165,140,305,4880
ARCHITECTURE,FINISHES,STAIR FINISHES,Additional Items,F19:300x300x3mm thick vinyl tile including sand cement screed. (ลูกตั้งบันได 7),M,0,0,0,0,0,0,0,0,0,0,0,18,0,,18,95,85,180,3240
ARCHITECTURE,FINISHES,STAIR FINISHES,Additional Items,"F21: 750x900x20mm thick granite tile, polished finish, including sand cement screed. (ลูกนอนบันได 3)",M,0,0,0,8,0,0,0,0,0,0,0,0,0,,8,1390,1380,2770,22160
ARCHITECTURE,FINISHES,STAIR FINISHES,Additional Items,"F21: 750x900x20mm thick granite tile, polished finish, including sand cement screed. (ลูกตั้งบันได 3)",M,0,0,0,9,0,0,0,0,0,0,0,0,0,,9,810,720,1530,13770
ARCHITECTURE,FINISHES,STAIR FINISHES,Additional Items,"Fixed ladder ( LD2-301,LD2-307-313 )",NO.,0,12,0,0,0,0,0,0,0,0,0,0,,,12,4665,1440,6105,73260
ARCHITECTURE,FINISHES,STAIR FINISHES,Additional Items,75x150x10  Nosing metal Strip,M,0,12,0,0,0,0,0,0,0,0,0,0,,,842,140,45,185,155770
ARCHITECTURE,FINISHES,Additional Items,BOH PANTRY,KITCHENETTE CT9150  AD#WH L=1.50 M.,SET,0,1,0,0,0,0,0,0,0,0,0,0,0,,1,0,,0,
ARCHITECTURE,FINISHES,Additional Items,BOH PANTRY,"FAUCET , COTTO CT151A",SET,0,1,0,0,0,0,0,0,0,0,0,0,0,,1,0,,0,
ARCHITECTURE,FINISHES,Additional Items,BOH PANTRY,"Sink , COTTO CT823SD + Z403 + CT179 BY M.C.",SET,0,1,0,0,0,0,0,0,0,0,0,0,0,,1,0,,0,
ARCHITECTURE,FINISHES,Additional Items,BOH PANTRY,Cubboard & Counter ( Top granite ),M,0,5,0,0,0,0,0,0,0,0,0,0,0,,5,0,,0,
ARCHITECTURE,FINISHES,Additional Items,BOH PANTRY,Cubboard ( Above ),M,0,5,0,0,0,0,0,0,0,0,0,0,0,,5,0,,0,
EXTERNAL,SUBSTRUCTURE,EARTHWORKS,Excavation & Back fill,Excavation.,M3,,,,,,,,,,,,,,2039,2039,0,110,110,224290
EXTERNAL,SUBSTRUCTURE,EARTHWORKS,Excavation & Back fill,Back fill by compacted existing soil.,M3,,,,,,,,,,,,,,0,0,0,110,110,0
EXTERNAL,SUBSTRUCTURE,EARTHWORKS,Excavation & Back fill,Back fill by compacted sand.,M3,,,,,,,,,,,,,,748,748,470,110,580,433840
EXTERNAL,SUBSTRUCTURE,EARTHWORKS,Soil slope stabilization,Allowance for temporary sheet pile for retention tank.,Item,,,,,,,,,,,,,,1,1,1970010,0,1970010,1970010
EXTERNAL,SUBSTRUCTURE,EARTHWORKS,Soil slope stabilization,Allowance for temporary sheet pile for WTT,Item,,,,,,,,,,,,,,1,1,1402380,0,1402380,1402380
EXTERNAL,SUBSTRUCTURE,FOUNDATION,Piling,0.18m x 0.18m - 6.00m long square driven pile (SL 5t/pile),No.,,,,,,,,,,,,,,182,182,850,245,1095,199290
EXTERNAL,SUBSTRUCTURE,FOUNDATION,Piling,0.35m dia. x 21.00m long Bored pile (SL 30 t/pile),No.,,,,,,,,,,,,,,196,196,11800,0,11800,2312800
EXTERNAL,SUBSTRUCTURE,FOUNDATION,Piling,0.18m x 0.18m pile cut-off.,No.,,,,,,,,,,,,,,182,182,60,120,180,32760
EXTERNAL,SUBSTRUCTURE,FOUNDATION,Piling,0.35m dia pile cut-off.,No.,,,,,,,,,,,,,,196,196,235,580,815,159740
EXTERNAL,SUBSTRUCTURE,FOUNDATION,Piling,"Pile head disposal, off-site.",No.,,,,,,,,,,,,,,378,378,0,665,665,251370
EXTERNAL,SUBSTRUCTURE,FOUNDATION,Foundation [FF2],Excavation to footing,M3,,,,,,,,,,,,,,140,140,0,110,110,15400
EXTERNAL,SUBSTRUCTURE,FOUNDATION,Foundation [FF2],Remove Excavation material from Site,M3,,,,,,,,,,,,,,20,20,0,70,70,1400
EXTERNAL,SUBSTRUCTURE,FOUNDATION,Foundation [FF2],Back fill by existing soil.,M3,,,,,,,,,,,,,,120,120,0,110,110,13200
EXTERNAL,SUBSTRUCTURE,FOUNDATION,Foundation [FF2],Existing grade compaction,M2,,,,,,,,,,,,,,0,0,0,35,35,0
EXTERNAL,SUBSTRUCTURE,FOUNDATION,Foundation [FF2],"Compacted sand, 50mm thick",M2,,,,,,,,,,,,,,3,3,95,15,110,330
EXTERNAL,SUBSTRUCTURE,FOUNDATION,Foundation [FF2],"Lean concrete, 50mm thick",M2,,,,,,,,,,,,,,3,3,165,70,235,705
EXTERNAL,SUBSTRUCTURE,FOUNDATION,Foundation [FF2],Concrete 240ksc. cylinder test,M3,,,,,,,,,,,,,,15,15,1820,205,2025,30375
EXTERNAL,SUBSTRUCTURE,FOUNDATION,Foundation [FF2],Formworks,M2,,,,,,,,,,,,,,102,102,160,160,320,32640
EXTERNAL,SUBSTRUCTURE,FOUNDATION,Foundation [FF2],"Rebar SR24, 6mm dia.",KG.,,,,,,,,,,,,,,0,0,24,5,29,0
EXTERNAL,SUBSTRUCTURE,FOUNDATION,Foundation [FF2],"Rebar SR24, 9mm dia.",KG.,,,,,,,,,,,,,,622,622,23,5,28,17416
EXTERNAL,SUBSTRUCTURE,FOUNDATION,Foundation [FF2],"Rebar SD40, 10mm dia.",KG.,,,,,,,,,,,,,,0,0,23,5,28,0
EXTERNAL,SUBSTRUCTURE,FOUNDATION,Foundation [FF2],"Rebar SD40, 12mm dia.",KG.,,,,,,,,,,,,,,951,951,22.5,4.5,27,25677
EXTERNAL,SUBSTRUCTURE,FOUNDATION,Foundation [FF2],"Rebar SD40, 16mm dia.",KG.,,,,,,,,,,,,,,1730,1730,22,4.5,26.5,45845
EXTERNAL,SUBSTRUCTURE,FOUNDATION,Foundation [FF2],"Rebar SD50, 20mm dia. (SD 40)",KG.,,,,,,,,,,,,,,0,0,22,4.5,26.5,0
EXTERNAL,SUBSTRUCTURE,FOUNDATION,Foundation [FF2],"Rebar SD50, 25mm dia.(SD 40)",KG.,,,,,,,,,,,,,,0,0,22,4.5,26.5,0
EXTERNAL,SUBSTRUCTURE,FOUNDATION,Foundation [FF2],"Rebar SD50, 28mm dia.(SD 40)",KG.,,,,,,,,,,,,,,0,0,22,4.5,26.5,0
EXTERNAL,SUBSTRUCTURE,FOUNDATION,Foundation [FF2],"Rebar SD50, 32mm dia.",KG.,,,,,,,,,,,,,,0,0,22.5,4.5,27,0
EXTERNAL,SUBSTRUCTURE,BASEMENT WALL (EARTH RETAINING WALL),RC Wall [Wx],Concrete 320ksc. cylinder test ผสมน้ำยากันซึม,M3,,,,,,,,,,,,,,235,235,1985,245,2230,524050
EXTERNAL,SUBSTRUCTURE,BASEMENT WALL (EARTH RETAINING WALL),RC Wall [Wx],Formworks,M2,,,,,,,,,,,,,,1478,1478,210,240,450,665100
EXTERNAL,SUBSTRUCTURE,BASEMENT WALL (EARTH RETAINING WALL),RC Wall [Wx],"Rebar SR24, 6mm dia.",Kg.,,,,,,,,,,,,,,0,0,24,5,29,0
EXTERNAL,SUBSTRUCTURE,BASEMENT WALL (EARTH RETAINING WALL),RC Wall [Wx],"Rebar SR24, 9mm dia.",Kg.,,,,,,,,,,,,,,2732,2732,23,5,28,76496
EXTERNAL,SUBSTRUCTURE,BASEMENT WALL (EARTH RETAINING WALL),RC Wall [Wx],"Rebar SD40, 10mm dia.",Kg.,,,,,,,,,,,,,,0,0,23,5,28,0
EXTERNAL,SUBSTRUCTURE,BASEMENT WALL (EARTH RETAINING WALL),RC Wall [Wx],"Rebar SD40, 12mm dia.",Kg.,,,,,,,,,,,,,,7998,7998,22.5,4.5,27,215946
EXTERNAL,SUBSTRUCTURE,BASEMENT WALL (EARTH RETAINING WALL),RC Wall [Wx],"Rebar SD40, 16mm dia.",Kg.,,,,,,,,,,,,,,30373,30373,22,4.5,26.5,804884.5
EXTERNAL,SUBSTRUCTURE,BASEMENT WALL (EARTH RETAINING WALL),RC Wall [Wx],"Rebar SD50, 20mm dia. (SD 40)",Kg.,,,,,,,,,,,,,,0,0,22,4.5,26.5,0
EXTERNAL,SUBSTRUCTURE,BASEMENT WALL (EARTH RETAINING WALL),RC Wall [Wx],"Rebar SD50, 25mm dia.(SD 40)",Kg.,,,,,,,,,,,,,,0,0,22,4.5,26.5,0
EXTERNAL,SUBSTRUCTURE,BASEMENT WALL (EARTH RETAINING WALL),RC Wall [Wx],"Rebar SD50, 28mm dia.(SD 40)",Kg.,,,,,,,,,,,,,,0,0,22,4.5,26.5,0
EXTERNAL,SUBSTRUCTURE,BASEMENT WALL (EARTH RETAINING WALL),RC Wall [Wx],"Rebar SD50, 32mm dia.",Kg.,,,,,,,,,,,,,,0,0,22.5,4.5,27,0
EXTERNAL,SUBSTRUCTURE,BASEMENT WALL (EARTH RETAINING WALL),Moisture Protection,Waterproof membrane to external wall.,M2,,,,,,,,,,,,,,712,712,255,60,315,224280
EXTERNAL,SUBSTRUCTURE,BASEMENT WALL (EARTH RETAINING WALL),Moisture Protection,Chemical coating to internal wall.,M2,,,,,,,,,,,,,,611,611,255,60,315,192465
EXTERNAL,SUBSTRUCTURE,BASEMENT WALL (EARTH RETAINING WALL),Moisture Protection,"Water stop RX101-3/4"" x 1"" or Equivalent",M,,,,,,,,,,,,,,186,186,235,135,370,68820
EXTERNAL,SUBSTRUCTURE,BASEMENT WALL (EARTH RETAINING WALL),Additional Items,Protection For Waterproof membrane to external wall.,M2,,,,,,,,,,,,,,712,712,140,175,315,224280
EXTERNAL,SUBSTRUCTURE,LOWEST SLAB CONSTRUCTION,RC Slab including pile cap,Compacted soil,M3,,,,,,,,,,,,,,1210,1210,0,35,35,42350
EXTERNAL,SUBSTRUCTURE,LOWEST SLAB CONSTRUCTION,RC Slab including pile cap,Compacted sand,M2,,,,,,,,,,,,,,1254,1254,585,110,695,871530
EXTERNAL,SUBSTRUCTURE,LOWEST SLAB CONSTRUCTION,RC Slab including pile cap,"Lean concrete, 30mm thick",M2,,,,,,,,,,,,,,1232,1232,1635,665,2300,2833600
EXTERNAL,SUBSTRUCTURE,LOWEST SLAB CONSTRUCTION,RC Slab including pile cap,Concrete 210ksc. cylinder test,M3,,,,,,,,,,,,,,0,0,1820,245,2065,0
EXTERNAL,SUBSTRUCTURE,LOWEST SLAB CONSTRUCTION,RC Slab including pile cap,Concrete 320ksc. cylinder test,M3,,,,,,,,,,,,,,396,396,1985,245,2230,883080
EXTERNAL,SUBSTRUCTURE,LOWEST SLAB CONSTRUCTION,RC Slab including pile cap,Formworks,M2,,,,,,,,,,,,,,189,189,210,240,450,85050
EXTERNAL,SUBSTRUCTURE,LOWEST SLAB CONSTRUCTION,RC Slab including pile cap,"Rebar SR24, 6mm dia.",Kg.,,,,,,,,,,,,,,0,0,24,5,29,0
EXTERNAL,SUBSTRUCTURE,LOWEST SLAB CONSTRUCTION,RC Slab including pile cap,"Rebar SR24, 9mm dia.",Kg.,,,,,,,,,,,,,,710,710,23,5,28,19880
EXTERNAL,SUBSTRUCTURE,LOWEST SLAB CONSTRUCTION,RC Slab including pile cap,"Rebar SD40, 10mm dia.",Kg.,,,,,,,,,,,,,,0,0,23,5,28,0
EXTERNAL,SUBSTRUCTURE,LOWEST SLAB CONSTRUCTION,RC Slab including pile cap,"Rebar SD40, 12mm dia.",Kg.,,,,,,,,,,,,,,43166,43166,22.5,4.5,27,1165482
EXTERNAL,SUBSTRUCTURE,LOWEST SLAB CONSTRUCTION,RC Slab including pile cap,"Rebar SD40, 16mm dia.",Kg.,,,,,,,,,,,,,,3230,3230,22,4.5,26.5,85595
EXTERNAL,SUBSTRUCTURE,LOWEST SLAB CONSTRUCTION,RC Slab including pile cap,"Rebar SD50, 20mm dia. (SD 40)",Kg.,,,,,,,,,,,,,,0,0,22,4.5,26.5,0
EXTERNAL,SUBSTRUCTURE,LOWEST SLAB CONSTRUCTION,RC Slab including pile cap,"Rebar SD50, 25mm dia.(SD 40)",Kg.,,,,,,,,,,,,,,0,0,22,4.5,26.5,0
EXTERNAL,SUBSTRUCTURE,LOWEST SLAB CONSTRUCTION,RC Slab including pile cap,"Rebar SD50, 28mm dia.(SD 40)",Kg.,,,,,,,,,,,,,,0,0,22,4.5,26.5,0
EXTERNAL,SUBSTRUCTURE,LOWEST SLAB CONSTRUCTION,RC Slab including pile cap,"Rebar SD50, 32mm dia.",Kg.,,,,,,,,,,,,,,0,0,22.5,4.5,27,0
EXTERNAL,SUBSTRUCTURE,LOWEST SLAB CONSTRUCTION,Moisture Protection,"Damp-proof sheet, 0.2mm thick HDPE",m2,,,,,,,,,,,,,,0,0,0,0,0,0
EXTERNAL,SUBSTRUCTURE,LOWEST SLAB CONSTRUCTION,Additional Items,Waterproof (Internal Retention pond) Radcon #7,m2,,,,,,,,,,,,,,429,429,210,45,255,109395
EXTERNAL,SUBSTRUCTURE,LOWEST SLAB CONSTRUCTION,Additional Items,Waterproof membrane to external Floor,m2,,,,,,,,,,,,,,266,266,255,60,315,83790
EXTERNAL,SUBSTRUCTURE,LOWEST SLAB CONSTRUCTION,Additional Items,Road - Isolation Joint,m,,,,,,,,,,,,,,203,203,60,60,120,24360
EXTERNAL,SUBSTRUCTURE,LOWEST SLAB CONSTRUCTION,Additional Items,Road - Longitudinal Joint,m,,,,,,,,,,,,,,202,202,255,60,315,63630
EXTERNAL,SUBSTRUCTURE,LOWEST SLAB CONSTRUCTION,Additional Items,Road - Expansion Joint,m,,,,,,,,,,,,,,62,62,295,60,355,22010
EXTERNAL,SUBSTRUCTURE,LOWEST SLAB CONSTRUCTION,Additional Items,Road - Constuction Joint,m,,,,,,,,,,,,,,202,202,255,60,315,63630
EXTERNAL,SUPERSTRUCTURE,BEAM,RC Beam,Concrete 210ksc. cylinder test,M3,,,,,,,,,,,,,,0,0,0,0,0,0
EXTERNAL,SUPERSTRUCTURE,BEAM,RC Beam,Concrete 320ksc. cylinder test,M3,,,,,,,,,,,,,,44,44,1985,205,2190,96360
EXTERNAL,SUPERSTRUCTURE,BEAM,RC Beam,Formworks,M2,,,,,,,,,,,,,,303,303,160,200,360,109080
EXTERNAL,SUPERSTRUCTURE,BEAM,RC Beam,"Rebar SR24, 6mm dia.",Kg.,,,,,,,,,,,,,,0,0,24,5,29,0
EXTERNAL,SUPERSTRUCTURE,BEAM,RC Beam,"Rebar SR24, 9mm dia.",Kg.,,,,,,,,,,,,,,2084,2084,23,5,28,58352
EXTERNAL,SUPERSTRUCTURE,BEAM,RC Beam,"Rebar SD40, 10mm dia.",Kg.,,,,,,,,,,,,,,0,0,23,5,28,0
EXTERNAL,SUPERSTRUCTURE,BEAM,RC Beam,"Rebar SD40, 12mm dia.",Kg.,,,,,,,,,,,,,,1671,1671,22.5,4.5,27,45117
EXTERNAL,SUPERSTRUCTURE,BEAM,RC Beam,"Rebar SD40, 16mm dia.",Kg.,,,,,,,,,,,,,,1974,1974,22,4.5,26.5,52311
EXTERNAL,SUPERSTRUCTURE,BEAM,RC Beam,"Rebar SD50, 20mm dia. (SD 40)",Kg.,,,,,,,,,,,,,,4308,4308,22,4.5,26.5,114162
EXTERNAL,SUPERSTRUCTURE,BEAM,RC Beam,"Rebar SD50, 25mm dia.(SD 40)",Kg.,,,,,,,,,,,,,,0,0,22,4.5,26.5,0
EXTERNAL,SUPERSTRUCTURE,BEAM,RC Beam,"Rebar SD50, 28mm dia.(SD 40)",Kg.,,,,,,,,,,,,,,0,0,22,4.5,26.5,0
EXTERNAL,SUPERSTRUCTURE,BEAM,RC Beam,"Rebar SD50, 32mm dia.",Kg.,,,,,,,,,,,,,,0,0,22.5,4.5,27,0
EXTERNAL,SUPERSTRUCTURE,SLAB,RC Slab,Concrete 210ksc. cylinder test,M3,,,,,,,,,,,,,,0,0,0,0,0,0
EXTERNAL,SUPERSTRUCTURE,SLAB,RC Slab,Concrete 320ksc. cylinder test,M3,,,,,,,,,,,,,,81,81,1985,205,2190,177390
EXTERNAL,SUPERSTRUCTURE,SLAB,RC Slab,Formworks,M2,,,,,,,,,,,,,,315,315,160,200,360,113400
EXTERNAL,SUPERSTRUCTURE,SLAB,RC Slab,"Rebar SR24, 6mm dia.",Kg.,,,,,,,,,,,,,,0,0,24,5,29,0
EXTERNAL,SUPERSTRUCTURE,SLAB,RC Slab,"Rebar SR24, 9mm dia.",Kg.,,,,,,,,,,,,,,0,0,23,5,28,0
EXTERNAL,SUPERSTRUCTURE,SLAB,RC Slab,"Rebar SD40, 10mm dia.",Kg.,,,,,,,,,,,,,,0,0,23,5,28,0
EXTERNAL,SUPERSTRUCTURE,SLAB,RC Slab,"Rebar SD40, 12mm dia.",Kg.,,,,,,,,,,,,,,7166,7166,22.5,4.5,27,193482
EXTERNAL,SUPERSTRUCTURE,SLAB,RC Slab,"Rebar SD40, 16mm dia.",Kg.,,,,,,,,,,,,,,561,561,22,4.5,26.5,14866.5
EXTERNAL,SUPERSTRUCTURE,SLAB,RC Slab,"Rebar SD50, 20mm dia. (SD 40)",Kg.,,,,,,,,,,,,,,0,0,22,4.5,26.5,0
EXTERNAL,SUPERSTRUCTURE,SLAB,RC Slab,"Rebar SD50, 25mm dia.(SD 40)",Kg.,,,,,,,,,,,,,,0,0,22,4.5,26.5,0
EXTERNAL,SUPERSTRUCTURE,SLAB,RC Slab,"Rebar SD50, 28mm dia.(SD 40)",Kg.,,,,,,,,,,,,,,0,0,22,4.5,26.5,0
EXTERNAL,SUPERSTRUCTURE,SLAB,RC Slab,"Rebar SD50, 32mm dia.",Kg.,,,,,,,,,,,,,,0,0,22.5,4.5,27,0
EXTERNAL,SUPERSTRUCTURE,COLUMN,RC Column,Concrete 210ksc. cylinder test,M3,,,,,,,,,,,,,,0,0,1820,205,2025,0
EXTERNAL,SUPERSTRUCTURE,COLUMN,RC Column,Concrete 320ksc. cylinder test,M3,,,,,,,,,,,,,,13,13,1985,205,2190,28470
EXTERNAL,SUPERSTRUCTURE,COLUMN,RC Column,Formworks,M2,,,,,,,,,,,,,,257,257,160,200,360,92520
EXTERNAL,SUPERSTRUCTURE,COLUMN,RC Column,"Rebar SR24, 6mm dia.",Kg.,,,,,,,,,,,,,,0,0,24,5,29,0
EXTERNAL,SUPERSTRUCTURE,COLUMN,RC Column,"Rebar SR24, 9mm dia.",Kg.,,,,,,,,,,,,,,963,963,23,5,28,26964
EXTERNAL,SUPERSTRUCTURE,COLUMN,RC Column,"Rebar SD40, 10mm dia.",Kg.,,,,,,,,,,,,,,0,0,23,5,28,0
EXTERNAL,SUPERSTRUCTURE,COLUMN,RC Column,"Rebar SD40, 12mm dia.",Kg.,,,,,,,,,,,,,,0,0,22.5,4.5,27,0
EXTERNAL,SUPERSTRUCTURE,COLUMN,RC Column,"Rebar SD40, 16mm dia.",Kg.,,,,,,,,,,,,,,3002,3002,22,4.5,26.5,79553
EXTERNAL,SUPERSTRUCTURE,COLUMN,RC Column,"Rebar SD50, 20mm dia. (SD 40)",Kg.,,,,,,,,,,,,,,0,0,22,4.5,26.5,0
EXTERNAL,SUPERSTRUCTURE,COLUMN,RC Column,"Rebar SD50, 25mm dia.(SD 40)",Kg.,,,,,,,,,,,,,,0,0,22,4.5,26.5,0
EXTERNAL,SUPERSTRUCTURE,COLUMN,RC Column,"Rebar SD50, 28mm dia.(SD 40)",Kg.,,,,,,,,,,,,,,0,0,22,4.5,26.5,0
EXTERNAL,SUPERSTRUCTURE,COLUMN,RC Column,"Rebar SD50, 32mm dia.",Kg.,,,,,,,,,,,,,,0,0,22.5,4.5,27,0